511
6883 8394 8392 7922 7926
6882 8392 8390 7921 7922
6881 8390 8388 8320 7921
6880 8388 8386 8318 8320
6879 8386 8384 8316 8318
6878 8384 8382 8314 8316
6877 8382 8380 8312 8314
6876 8380 8378 8310 8312
6875 8378 8376 8308 8310
6874 8376 8374 8306 8308
6873 8374 8372 8304 8306
6872 8372 8370 8302 8304
6871 8370 8368 8300 8302
6870 8368 8366 8298 8300
6869 8366 8364 8296 8298
6868 8364 8362 8294 8296
6867 8362 8360 8292 8294
6866 8360 8358 8290 8292
6865 8358 8356 8288 8290
6864 8356 8354 8286 8288
6863 8354 8352 8284 8286
6862 8352 8350 8282 8284
6861 8350 8348 8280 8282
6860 8348 8346 8278 8280
6859 8346 8344 8276 8278
6858 8344 8342 8274 8276
6857 8342 8340 8271 8274
6856 8340 8337 8272 8271
6855 8337 8338 8334 8272
6854 7820 7550 7930 7934
6853 7550 7280 7929 7930
6852 7280 7010 8268 7929
6851 7010 6740 7906 8268
6850 6740 6470 7904 7906
6849 6470 6200 7905 7904
6848 6200 5930 8266 7905
6847 5930 5660 8264 8266
6846 5660 5390 8262 8264
6845 5390 5120 8260 8262
6844 5120 4850 8258 8260
6843 4850 4580 8256 8258
6842 4580 4310 8254 8256
6841 4310 4040 8252 8254
6840 4040 3770 8250 8252
6839 3770 3500 8248 8250
6838 3500 3230 8246 8248
6837 3230 2960 8244 8246
6836 2960 2690 8242 8244
6835 2690 2420 8240 8242
6834 2420 2150 8238 8240
6833 2150 1880 8236 8238
6832 1880 1610 8234 8236
6831 1610 1340 8232 8234
6830 1340 1070 8230 8232
6829 1070 800 8227 8230
6828 800 519 8228 8227
6827 519 520 8328 8228
6826 8334 8332 7940 8272
6825 8332 8330 7899 7940
6824 8330 7933 7900 7899
6823 8328 8326 8174 8228
6822 8326 8324 8172 8174
6821 8324 8322 7914 8172
6820 8322 7925 7911 7914
6819 7921 8320 8224 7912
6818 8320 8318 8222 8224
6817 8318 8316 8220 8222
6816 8316 8314 8218 8220
6815 8314 8312 8216 8218
6814 8312 8310 8214 8216
6813 8310 8308 8212 8214
6812 8308 8306 8210 8212
6811 8306 8304 8208 8210
6810 8304 8302 8206 8208
6809 8302 8300 8204 8206
6808 8300 8298 8202 8204
6807 8298 8296 8200 8202
6806 8296 8294 8198 8200
6805 8294 8292 8196 8198
6804 8292 8290 8194 8196
6803 8290 8288 8192 8194
6802 8288 8286 8190 8192
6801 8286 8284 8188 8190
6800 8284 8282 8186 8188
6799 8282 8280 8184 8186
6798 8280 8278 8182 8184
6797 8278 8276 8180 8182
6796 8276 8274 8178 8180
6795 8274 8271 7939 8178
6794 8271 8272 7940 7939
6793 7929 8268 7851 7854
6792 8268 7906 7852 7851
6791 7905 8266 7848 7852
6790 8266 8264 7836 7848
6789 8264 8262 7837 7836
6788 8262 8260 8170 7837
6787 8260 8258 8168 8170
6786 8258 8256 8166 8168
6785 8256 8254 8164 8166
6784 8254 8252 8162 8164
6783 8252 8250 8160 8162
6782 8250 8248 8158 8160
6781 8248 8246 8156 8158
6780 8246 8244 8154 8156
6779 8244 8242 8152 8154
6778 8242 8240 8150 8152
6777 8240 8238 8148 8150
6776 8238 8236 8146 8148
6775 8236 8234 8144 8146
6774 8234 8232 8141 8144
6773 8232 8230 8142 8141
6772 8230 8227 8176 8142
6771 8227 8228 8174 8176
6770 8224 8222 7913 7912
6769 8222 8220 7917 7913
6768 8220 8218 8134 7917
6767 8218 8216 8132 8134
6766 8216 8214 8130 8132
6765 8214 8212 8128 8130
6764 8212 8210 8126 8128
6763 8210 8208 8124 8126
6762 8208 8206 8122 8124
6761 8206 8204 8120 8122
6760 8204 8202 8118 8120
6759 8202 8200 8116 8118
6758 8200 8198 8114 8116
6757 8198 8196 8112 8114
6756 8196 8194 8110 8112
6755 8194 8192 8108 8110
6754 8192 8190 8106 8108
6753 8190 8188 8104 8106
6752 8188 8186 8102 8104
6751 8186 8184 8100 8102
6750 8184 8182 8098 8100
6749 8182 8180 8095 8098
6748 8180 8178 8096 8095
6747 8178 7939 7938 8096
6746 8176 8174 8138 8142
6745 8174 8172 8136 8138
6744 8172 7914 7918 8136
6743 7938 7841 7842 8096
6742 7837 8170 8092 7838
6741 8170 8168 8090 8092
6740 8168 8166 8088 8090
6739 8166 8164 8086 8088
6738 8164 8162 8084 8086
6737 8162 8160 8082 8084
6736 8160 8158 8080 8082
6735 8158 8156 8078 8080
6734 8156 8154 8076 8078
6733 8154 8152 8074 8076
6732 8152 8150 8072 8074
6731 8150 8148 8070 8072
6730 8148 8146 8068 8070
6729 8146 8144 7861 8068
6728 8144 8141 7862 7861
6727 8141 8142 8138 7862
6726 8138 8136 7859 7862
6725 8136 7918 7873 7859
6724 7918 7917 8134 7873
6723 8134 8132 7874 7873
6722 8132 8130 7876 7874
6721 8130 8128 7878 7876
6720 8128 8126 8044 7878
6719 8126 8124 8042 8044
6718 8124 8122 8040 8042
6717 8122 8120 8038 8040
6716 8120 8118 8036 8038
6715 8118 8116 8034 8036
6714 8116 8114 8032 8034
6713 8114 8112 8030 8032
6712 8112 8110 8028 8030
6711 8110 8108 8026 8028
6710 8108 8106 8024 8026
6709 8106 8104 8022 8024
6708 8104 8102 8020 8022
6707 8102 8100 8018 8020
6706 8100 8098 8015 8018
6705 8098 8095 8016 8015
6704 8095 8096 7842 8016
6703 7842 7838 7885 8016
6702 7838 8092 7886 7885
6701 8092 8090 7896 7886
6700 8090 8088 8066 7896
6699 8088 8086 8064 8066
6698 8086 8084 8062 8064
6697 8084 8082 8060 8062
6696 8082 8080 8058 8060
6695 8080 8078 8056 8058
6694 8078 8076 8054 8056
6693 8076 8074 8052 8054
6692 8074 8072 8050 8052
6691 8072 8070 8048 8050
6690 8070 8068 8046 8048
6689 8068 7861 7866 8046
6688 7896 8066 7985 7893
6687 8066 8064 7981 7985
6686 8064 8062 7977 7981
6685 8062 8060 7973 7977
6684 8060 8058 7969 7973
6683 8058 8056 7965 7969
6682 8056 8054 7961 7965
6681 8054 8052 7957 7961
6680 8052 8050 7953 7957
6679 8050 8048 7950 7953
6678 8048 8046 7944 7950
6677 8046 7866 7870 7944
6676 7878 8044 8012 7869
6675 8044 8042 8010 8012
6674 8042 8040 8008 8010
6673 8040 8038 8006 8008
6672 8038 8036 8004 8006
6671 8036 8034 8002 8004
6670 8034 8032 8000 8002
6669 8032 8030 7998 8000
6668 8030 8028 7996 7998
6667 8028 8026 7994 7996
6666 8026 8024 7992 7994
6665 8024 8022 7990 7992
6664 8022 8020 7988 7990
6663 8020 8018 7890 7988
6662 8018 8015 7884 7890
6661 8015 8016 7885 7884
6660 7869 8012 7945 7870
6659 8012 8010 7946 7945
6658 8010 8008 7949 7946
6657 8008 8006 7954 7949
6656 8006 8004 7958 7954
6655 8004 8002 7962 7958
6654 8002 8000 7966 7962
6653 8000 7998 7970 7966
6652 7998 7996 7974 7970
6651 7996 7994 7978 7974
6650 7994 7992 7982 7978
6649 7992 7990 7986 7982
6648 7990 7988 7894 7986
6647 7988 7890 7889 7894
6646 7893 7985 7986 7894
6645 7985 7981 7982 7986
6644 7981 7977 7978 7982
6643 7977 7973 7974 7978
6642 7973 7969 7970 7974
6641 7969 7965 7966 7970
6640 7965 7961 7962 7966
6639 7961 7957 7958 7962
6638 7957 7953 7954 7958
6637 7953 7950 7949 7954
6636 7946 7949 7950 7944
6635 7944 7870 7945 7946
6634 7899 7845 7841 7938
6633 7899 7938 7939 7940
6632 7900 7933 7934 7930
6631 7929 7854 7900 7930
6630 7911 7925 7926 7922
6629 7921 7912 7911 7922
6628 7913 7917 7918 7914
6627 7911 7912 7913 7914
6626 7904 7905 7852 7906
6625 7845 7899 7900 7854
6624 7883 7886 7896 7893
6623 7883 7893 7894 7889
6622 7883 7889 7890 7884
6621 7883 7884 7885 7886
6620 7869 7865 7876 7878
6619 7865 7860 7874 7876
6618 7860 7859 7873 7874
6617 7865 7869 7870 7866
6616 7860 7865 7866 7861
6615 7859 7860 7861 7862
6614 7854 7851 7846 7845
6613 7851 7852 7848 7846
6612 7846 7848 7836 7835
6611 7845 7846 7835 7841
6610 7841 7835 7838 7842
6609 7835 7836 7837 7838
6373 7561 7564 7563 7562
6374 7565 7561 7562 7566
6375 7567 7564 7561 7565
6376 7568 7566 7562 7569
6377 7570 7569 7562 7563
6378 7571 7564 7567 7572
6379 7573 7563 7564 7571
6380 7574 7570 7563 7573
6381 7575 7576 7570 7574
6382 7577 7578 7576 7575
6383 7579 7580 7578 7577
6384 7581 7566 7568 7582
6385 7583 7565 7566 7581
6386 7584 7567 7565 7583
6387 7585 7572 7567 7584
6388 7586 7587 7580 7579
6389 7588 7589 7587 7586
6390 7590 7572 7585 7591
6391 7592 7571 7572 7590
6392 7593 7573 7571 7592
6393 7594 7574 7573 7593
6394 7595 7575 7574 7594
6395 7596 7577 7575 7595
6396 7597 7579 7577 7596
6397 7598 7586 7579 7597
6398 7599 7588 7586 7598
6399 7600 7589 7588 7599
6400 7601 7600 7599 7602
6401 7602 7599 7598 7603
6402 7604 7601 7606 7605
6403 7607 7600 7601 7604
6404 7608 7589 7600 7607
6405 7609 7587 7589 7608
6406 7610 7580 7587 7609
6407 7611 7578 7580 7610
6408 7612 7576 7578 7611
6409 7613 7570 7576 7612
6410 7614 7569 7570 7613
6411 7615 7568 7569 7614
6412 7616 7582 7568 7615
6413 7617 7582 7616 7618
6414 7619 7581 7582 7617
6415 7620 7583 7581 7619
6416 7621 7584 7583 7620
6417 7622 7585 7584 7621
6418 7623 7591 7585 7622
6419 7624 7604 7605 7625
6420 7626 7607 7604 7624
6421 7627 7608 7607 7626
6422 7628 7609 7608 7627
6423 7629 7610 7609 7628
6424 7630 7611 7610 7629
6425 7631 7612 7611 7630
6426 7632 7613 7612 7631
6427 7633 7614 7613 7632
6428 7634 7615 7614 7633
6429 7635 7616 7615 7634
6430 7636 7618 7616 7635
6431 7637 7591 7623 7638
6432 7639 7590 7591 7637
6433 7640 7592 7590 7639
6434 7641 7593 7592 7640
6435 7642 7594 7593 7641
6436 7643 7595 7594 7642
6437 7644 7596 7595 7643
6438 7645 7597 7596 7644
6439 7603 7598 7597 7645
6440 7646 7606 7601 7602
6441 7647 7618 7636 7648
6442 7649 7617 7618 7647
6443 7650 7619 7617 7649
6444 7651 7620 7619 7650
6445 7652 7621 7620 7651
6446 7653 7622 7621 7652
6447 7654 7623 7622 7653
6448 7655 7638 7623 7654
6449 7656 7606 7646 7657
6450 7658 7605 7606 7656
6451 7659 7625 7605 7658
6452 7660 7625 7659 7661
6453 7662 7624 7625 7660
6454 7663 7626 7624 7662
6455 7664 7627 7626 7663
6456 7665 7628 7627 7664
6457 7666 7629 7628 7665
6458 7667 7630 7629 7666
6459 7668 7631 7630 7667
6460 7669 7632 7631 7668
6461 7670 7633 7632 7669
6462 7671 7634 7633 7670
6463 7672 7635 7634 7671
6464 7673 7636 7635 7672
6465 7674 7648 7636 7673
6466 7675 7638 7655 7676
6467 7677 7637 7638 7675
6468 7678 7639 7637 7677
6469 7679 7640 7639 7678
6470 7680 7641 7640 7679
6471 7681 7642 7641 7680
6472 7682 7643 7642 7681
6473 7683 7644 7643 7682
6474 7684 7645 7644 7683
6475 7685 7603 7645 7684
6476 7686 7602 7603 7685
6477 7687 7646 7602 7686
6478 7688 7657 7646 7687
6479 7689 7657 7688 7690
6480 7691 7656 7657 7689
6481 7692 7658 7656 7691
6482 7693 7659 7658 7692
6483 7694 7661 7659 7693
6484 7695 7648 7674 7696
6485 7697 7647 7648 7695
6486 7698 7649 7647 7697
6487 7699 7650 7649 7698
6488 7700 7651 7650 7699
6489 7701 7652 7651 7700
6490 7702 7653 7652 7701
6491 7703 7654 7653 7702
6492 7704 7655 7654 7703
6493 7705 7676 7655 7704
6494 7706 7707 7676 7705
6495 7708 7707 7706 7709
6496 7710 7676 7707 7708
6497 7711 7675 7676 7710
6498 7712 7677 7675 7711
6499 7713 7678 7677 7712
6500 7714 7679 7678 7713
6501 7715 7680 7679 7714
6502 7716 7681 7680 7715
6503 7717 7682 7681 7716
6504 7718 7683 7682 7717
6505 7719 7684 7683 7718
6506 7720 7685 7684 7719
6507 7721 7686 7685 7720
6508 7722 7687 7686 7721
6509 7723 7688 7687 7722
6510 7724 7690 7688 7723
6511 7725 7661 7694 7726
6512 7727 7660 7661 7725
6513 7728 7662 7660 7727
6514 7729 7663 7662 7728
6515 7730 7664 7663 7729
6516 7731 7665 7664 7730
6517 7732 7666 7665 7731
6518 7733 7667 7666 7732
6519 7734 7668 7667 7733
6520 7735 7669 7668 7734
6521 7736 7670 7669 7735
6522 7737 7671 7670 7736
6523 7738 7672 7671 7737
6524 7739 7673 7672 7738
6525 7740 7674 7673 7739
6526 7741 7696 7674 7740
6527 7742 7696 7741 7743
6528 7744 7695 7696 7742
6529 7745 7697 7695 7744
6530 7746 7698 7697 7745
6531 7747 7699 7698 7746
6532 7748 7700 7699 7747
6533 7749 7701 7700 7748
6534 7750 7702 7701 7749
6535 7751 7703 7702 7750
6536 7752 7704 7703 7751
6537 7753 7705 7704 7752
6538 7754 7706 7705 7753
6539 7755 7709 7706 7754
6540 7756 7690 7724 7757
6541 7758 7689 7690 7756
6542 7759 7691 7689 7758
6543 7760 7692 7691 7759
6544 7761 7693 7692 7760
6545 7762 7694 7693 7761
6546 7763 7726 7694 7762
6547 7764 7755 7766 7765
6548 7767 7709 7755 7764
6549 7768 7708 7709 7767
6550 7769 7710 7708 7768
6551 7770 7711 7710 7769
6552 7771 7712 7711 7770
6553 7772 7713 7712 7771
6554 7773 7714 7713 7772
6555 7774 7715 7714 7773
6556 7775 7716 7715 7774
6557 7776 7717 7716 7775
6558 7777 7718 7717 7776
6559 7778 7719 7718 7777
6560 7779 7720 7719 7778
6561 7780 7721 7720 7779
6562 7781 7722 7721 7780
6563 7782 7723 7722 7781
6564 7783 7724 7723 7782
6565 7784 7757 7724 7783
6566 7785 7726 7763 7786
6567 7787 7725 7726 7785
6568 7788 7727 7725 7787
6569 7789 7728 7727 7788
6570 7790 7729 7728 7789
6571 7791 7730 7729 7790
6572 7792 7731 7730 7791
6573 7793 7732 7731 7792
6574 7794 7733 7732 7793
6575 7795 7734 7733 7794
6576 7796 7735 7734 7795
6577 7797 7736 7735 7796
6578 7798 7737 7736 7797
6579 7799 7738 7737 7798
6580 7800 7739 7738 7799
6581 7801 7740 7739 7800
6582 7802 7741 7740 7801
6583 7803 7743 7741 7802
6584 7804 7743 7803 7805
6585 7806 7742 7743 7804
6586 7807 7744 7742 7806
6587 7808 7745 7744 7807
6588 7809 7746 7745 7808
6589 7810 7747 7746 7809
6590 7811 7748 7747 7810
6591 7812 7749 7748 7811
6592 7813 7750 7749 7812
6593 7814 7751 7750 7813
6594 7815 7752 7751 7814
6595 7816 7753 7752 7815
6596 7817 7754 7753 7816
6597 7818 7755 7754 7817
6598 7819 7766 7755 7818
6599 7820 7765 7766 7819
6600 7821 7757 7784 7822
6601 7823 7756 7757 7821
6602 7824 7758 7756 7823
6603 7825 7759 7758 7824
6604 7826 7760 7759 7825
6605 7827 7761 7760 7826
6606 7828 7762 7761 7827
6607 7829 7763 7762 7828
6608 7830 7786 7763 7829
