236
236 540 538 406 452
235 538 536 404 406
234 536 534 402 404
233 534 532 400 402
232 532 530 398 400
231 530 528 396 398
230 528 526 393 396
229 526 523 394 393
228 523 524 448 394
227 520 518 412 411
226 518 516 390 412
225 516 514 388 390
224 514 512 386 388
223 512 510 384 386
222 510 508 382 384
221 508 506 380 382
220 506 504 378 380
219 504 502 376 378
218 502 500 374 376
217 500 498 372 374
216 498 496 370 372
215 496 494 368 370
214 494 492 365 368
213 492 489 366 365
212 489 490 486 366
211 486 484 362 366
210 484 482 360 362
209 482 480 358 360
208 480 478 356 358
207 478 476 354 356
206 476 474 352 354
205 474 472 350 352
204 472 470 348 350
203 470 468 346 348
202 468 466 344 346
201 466 464 342 344
200 464 462 340 342
199 462 460 338 340
198 460 458 336 338
197 458 456 334 336
196 456 454 331 334
195 454 451 332 331
194 451 452 406 332
193 448 446 328 394
192 446 444 326 328
191 444 442 324 326
190 442 440 322 324
189 440 438 320 322
188 438 436 318 320
187 436 434 316 318
186 434 432 314 316
185 432 430 312 314
184 430 428 310 312
183 428 426 308 310
182 426 424 306 308
181 424 422 304 306
180 422 420 302 304
179 420 418 300 302
178 418 416 297 300
177 416 414 298 297
176 414 410 390 298
175 410 411 412 390
174 406 404 268 332
173 404 402 266 268
172 402 400 264 266
171 400 398 262 264
170 398 396 259 262
169 396 393 260 259
168 393 394 328 260
167 390 388 293 298
166 388 386 290 293
165 386 384 288 290
164 384 382 286 288
163 382 380 284 286
162 380 378 282 284
161 378 376 280 282
160 376 374 278 280
159 374 372 276 278
158 372 370 274 276
157 370 368 271 274
156 368 365 272 271
155 365 366 362 272
154 362 360 228 272
153 360 358 226 228
152 358 356 224 226
151 356 354 222 224
150 354 352 220 222
149 352 350 218 220
148 350 348 216 218
147 348 346 214 216
146 346 344 212 214
145 344 342 210 212
144 342 340 208 210
143 340 338 206 208
142 338 336 204 206
141 336 334 201 204
140 334 331 202 201
139 331 332 268 202
138 328 326 256 260
137 326 324 254 256
136 324 322 252 254
135 322 320 250 252
134 320 318 248 250
133 318 316 246 248
132 316 314 244 246
131 314 312 242 244
130 312 310 240 242
129 310 308 238 240
128 308 306 236 238
127 306 304 234 236
126 304 302 231 234
125 302 300 232 231
124 300 297 294 232
123 297 298 293 294
122 293 290 232 294
121 290 288 190 232
120 288 286 188 190
119 286 284 186 188
118 284 282 184 186
117 282 280 182 184
116 280 278 180 182
115 278 276 178 180
114 276 274 175 178
113 274 271 176 175
112 271 272 228 176
111 268 266 198 202
110 266 264 196 198
109 264 262 193 196
108 262 259 194 193
107 259 260 256 194
106 256 254 172 194
105 254 252 84 172
104 252 250 86 84
103 250 248 170 86
102 248 246 168 170
101 246 244 166 168
100 244 242 164 166
99 242 240 162 164
98 240 238 160 162
97 238 236 158 160
96 236 234 155 158
95 234 231 156 155
94 231 232 190 156
93 228 226 152 176
92 226 224 150 152
91 224 222 148 150
90 222 220 146 148
89 220 218 144 146
88 218 216 142 144
87 216 214 140 142
86 214 212 138 140
85 212 210 136 138
84 210 208 134 136
83 208 206 132 134
82 206 204 129 132
81 204 201 130 129
80 201 202 198 130
79 198 196 91 130
78 196 193 92 91
77 193 194 172 92
76 190 188 126 156
75 188 186 124 126
74 186 184 122 124
73 184 182 120 122
72 182 180 118 120
71 180 178 115 118
70 178 175 116 115
69 175 176 152 116
68 172 84 83 92
67 86 170 74 76
66 170 168 72 74
65 168 166 70 72
64 166 164 68 70
63 164 162 66 68
62 162 160 64 66
61 160 158 61 64
60 158 155 62 61
59 155 156 126 62
58 152 150 112 116
57 150 148 110 112
56 148 146 108 110
55 146 144 106 108
54 144 142 104 106
53 142 140 102 104
52 140 138 100 102
51 138 136 98 100
50 136 134 96 98
49 134 132 94 96
48 132 129 90 94
47 129 130 91 90
46 126 124 50 62
45 124 122 48 50
44 122 120 46 48
43 120 118 43 46
42 118 115 44 43
41 115 116 112 44
40 112 110 17 44
39 110 108 18 17
38 108 106 20 18
37 106 104 32 20
36 104 102 36 32
35 102 100 40 36
34 100 98 54 40
33 98 96 58 54
32 96 94 80 58
31 94 90 83 80
30 90 91 92 83
29 84 86 76 78
28 83 84 78 80
27 80 78 57 58
26 78 76 53 57
25 76 74 39 53
24 74 72 35 39
23 72 70 31 35
22 70 68 28 31
21 68 66 26 28
20 66 64 23 26
19 64 61 24 23
18 61 62 50 24
17 57 53 54 58
16 53 39 40 54
15 50 48 14 24
14 48 46 11 14
13 46 43 12 11
12 43 44 17 12
11 39 35 36 40
10 35 31 32 36
9 31 28 20 32
8 28 26 7 20
7 26 23 8 7
6 23 24 14 8
5 20 7 6 18
4 17 18 6 12
3 14 11 5 8
2 11 12 6 5
1 5 6 7 8
