378
12354 7822 7784 13522 13804
12079 7784 7783 13240 13522
11804 7783 7782 12958 13240
11529 7782 7781 12676 12958
11254 7781 7780 12394 12676
10979 7780 7779 12112 12394
10704 7779 7778 11830 12112
10429 7778 7777 11548 11830
10154 7777 7776 11266 11548
9879 7776 7775 10984 11266
9604 7775 7774 10702 10984
9329 7774 7773 10420 10702
9054 7773 7772 10138 10420
8779 7772 7771 9856 10138
8504 7771 7770 9574 9856
8229 7770 7769 9292 9574
7954 7769 7768 9010 9292
7679 7768 7767 8728 9010
7404 7767 7764 8446 8728
7129 7764 7765 7932 8446
6854 7765 7820 7934 7932
12132 13803 13804 13522 13521
11857 13521 13522 13240 13239
11582 13239 13240 12958 12957
11307 12957 12958 12676 12675
11032 12675 12676 12394 12393
10757 12393 12394 12112 12111
10482 12111 12112 11830 11829
10207 11829 11830 11548 11547
9932 11547 11548 11266 11265
9657 11265 11266 10984 10983
9382 10983 10984 10702 10701
9107 10701 10702 10420 10419
8832 10419 10420 10138 10137
8557 10137 10138 9856 9855
8282 9855 9856 9574 9573
8007 9573 9574 9292 9291
7732 9291 9292 9010 9009
7457 9009 9010 8728 8727
7182 8727 8728 8446 8445
6907 8445 8446 7932 7931
6632 7931 7932 7934 7933
12324 14002 13803 13521 13720
12049 13720 13521 13239 13438
11774 13438 13239 12957 13156
11499 13156 12957 12675 12874
11224 12874 12675 12393 12592
10949 12592 12393 12111 12310
10674 12310 12111 11829 12028
10399 12028 11829 11547 11746
10124 11746 11547 11265 11464
9849 11464 11265 10983 11182
9574 11182 10983 10701 10900
9299 10900 10701 10419 10618
9024 10618 10419 10137 10336
8749 10336 10137 9855 10054
8474 10054 9855 9573 9772
8199 9772 9573 9291 9490
7924 9490 9291 9009 9208
7649 9208 9009 8727 8926
7374 8926 8727 8445 8644
7099 8644 8445 7931 8329
6824 8329 7931 7933 8330
12325 14003 14002 13720 13721
12050 13721 13720 13438 13439
11775 13439 13438 13156 13157
11500 13157 13156 12874 12875
11225 12875 12874 12592 12593
10950 12593 12592 12310 12311
10675 12311 12310 12028 12029
10400 12029 12028 11746 11747
10125 11747 11746 11464 11465
9850 11465 11464 11182 11183
9575 11183 11182 10900 10901
9300 10901 10900 10618 10619
9025 10619 10618 10336 10337
8750 10337 10336 10054 10055
8475 10055 10054 9772 9773
8200 9773 9772 9490 9491
7925 9491 9490 9208 9209
7650 9209 9208 8926 8927
7375 8927 8926 8644 8645
7100 8645 8644 8329 8331
6825 8331 8329 8330 8332
12326 14004 14003 13721 13722
12051 13722 13721 13439 13440
11776 13440 13439 13157 13158
11501 13158 13157 12875 12876
11226 12876 12875 12593 12594
10951 12594 12593 12311 12312
10676 12312 12311 12029 12030
10401 12030 12029 11747 11748
10126 11748 11747 11465 11466
9851 11466 11465 11183 11184
9576 11184 11183 10901 10902
9301 10902 10901 10619 10620
9026 10620 10619 10337 10338
8751 10338 10337 10055 10056
8476 10056 10055 9773 9774
8201 9774 9773 9491 9492
7926 9492 9491 9209 9210
7651 9210 9209 8927 8928
7376 8928 8927 8645 8646
7101 8646 8645 8331 8333
6826 8333 8331 8332 8334
12355 14006 14004 13722 13724
12080 13724 13722 13440 13442
11805 13442 13440 13158 13160
11530 13160 13158 12876 12878
11255 12878 12876 12594 12596
10980 12596 12594 12312 12314
10705 12314 12312 12030 12032
10430 12032 12030 11748 11750
10155 11750 11748 11466 11468
9880 11468 11466 11184 11186
9605 11186 11184 10902 10904
9330 10904 10902 10620 10622
9055 10622 10620 10338 10340
8780 10340 10338 10056 10058
8505 10058 10056 9774 9776
8230 9776 9774 9492 9494
7955 9494 9492 9210 9212
7680 9212 9210 8928 8930
7405 8930 8928 8646 8648
7130 8648 8646 8333 8336
6855 8336 8333 8334 8338
6600 7821 7822 7552 7551
6364 7551 7552 7282 7281
6128 7281 7282 7012 7011
5892 7011 7012 6742 6741
5656 6741 6742 6472 6471
5420 6471 6472 6202 6201
5184 6201 6202 5932 5931
4948 5931 5932 5662 5661
4712 5661 5662 5392 5391
4476 5391 5392 5122 5121
4240 5121 5122 4852 4851
4004 4851 4852 4582 4581
3768 4581 4582 4312 4311
3532 4311 4312 4042 4041
3296 4041 4042 3772 3771
3060 3771 3772 3502 3501
2824 3501 3502 3232 3231
2588 3231 3232 2962 2961
2352 2961 2962 2692 2691
2116 2691 2692 2422 2421
1880 2421 2422 2152 2151
1644 2151 2152 1882 1881
1408 1881 1882 1612 1611
1172 1611 1612 1342 1341
936 1341 1342 1072 1071
700 1071 1072 802 801
464 801 802 522 521
228 521 522 524 523
6601 7823 7821 7551 7553
6365 7553 7551 7281 7283
6129 7283 7281 7011 7013
5893 7013 7011 6741 6743
5657 6743 6741 6471 6473
5421 6473 6471 6201 6203
5185 6203 6201 5931 5933
4949 5933 5931 5661 5663
4713 5663 5661 5391 5393
4477 5393 5391 5121 5123
4241 5123 5121 4851 4853
4005 4853 4851 4581 4583
3769 4583 4581 4311 4313
3533 4313 4311 4041 4043
3297 4043 4041 3771 3773
3061 3773 3771 3501 3503
2825 3503 3501 3231 3233
2589 3233 3231 2961 2963
2353 2963 2961 2691 2693
2117 2693 2691 2421 2423
1881 2423 2421 2151 2153
1645 2153 2151 1881 1883
1409 1883 1881 1611 1613
1173 1613 1611 1341 1343
937 1343 1341 1071 1073
701 1073 1071 801 803
465 803 801 521 525
229 525 521 523 526
6602 7824 7823 7553 7554
6366 7554 7553 7283 7284
6130 7284 7283 7013 7014
5894 7014 7013 6743 6744
5658 6744 6743 6473 6474
5422 6474 6473 6203 6204
5186 6204 6203 5933 5934
4950 5934 5933 5663 5664
4714 5664 5663 5393 5394
4478 5394 5393 5123 5124
4242 5124 5123 4853 4854
4006 4854 4853 4583 4584
3770 4584 4583 4313 4314
3534 4314 4313 4043 4044
3298 4044 4043 3773 3774
3062 3774 3773 3503 3504
2826 3504 3503 3233 3234
2590 3234 3233 2963 2964
2354 2964 2963 2693 2694
2118 2694 2693 2423 2424
1882 2424 2423 2153 2154
1646 2154 2153 1883 1884
1410 1884 1883 1613 1614
1174 1614 1613 1343 1344
938 1344 1343 1073 1074
702 1074 1073 803 804
466 804 803 525 527
230 527 525 526 528
6603 7825 7824 7554 7555
6367 7555 7554 7284 7285
6131 7285 7284 7014 7015
5895 7015 7014 6744 6745
5659 6745 6744 6474 6475
5423 6475 6474 6204 6205
5187 6205 6204 5934 5935
4951 5935 5934 5664 5665
4715 5665 5664 5394 5395
4479 5395 5394 5124 5125
4243 5125 5124 4854 4855
4007 4855 4854 4584 4585
3771 4585 4584 4314 4315
3535 4315 4314 4044 4045
3299 4045 4044 3774 3775
3063 3775 3774 3504 3505
2827 3505 3504 3234 3235
2591 3235 3234 2964 2965
2355 2965 2964 2694 2695
2119 2695 2694 2424 2425
1883 2425 2424 2154 2155
1647 2155 2154 1884 1885
1411 1885 1884 1614 1615
1175 1615 1614 1344 1345
939 1345 1344 1074 1075
703 1075 1074 804 805
467 805 804 527 529
231 529 527 528 530
6604 7826 7825 7555 7556
6368 7556 7555 7285 7286
6132 7286 7285 7015 7016
5896 7016 7015 6745 6746
5660 6746 6745 6475 6476
5424 6476 6475 6205 6206
5188 6206 6205 5935 5936
4952 5936 5935 5665 5666
4716 5666 5665 5395 5396
4480 5396 5395 5125 5126
4244 5126 5125 4855 4856
4008 4856 4855 4585 4586
3772 4586 4585 4315 4316
3536 4316 4315 4045 4046
3300 4046 4045 3775 3776
3064 3776 3775 3505 3506
2828 3506 3505 3235 3236
2592 3236 3235 2965 2966
2356 2966 2965 2695 2696
2120 2696 2695 2425 2426
1884 2426 2425 2155 2156
1648 2156 2155 1885 1886
1412 1886 1885 1615 1616
1176 1616 1615 1345 1346
940 1346 1345 1075 1076
704 1076 1075 805 806
468 806 805 529 531
232 531 529 530 532
6605 7827 7826 7556 7557
6369 7557 7556 7286 7287
6133 7287 7286 7016 7017
5897 7017 7016 6746 6747
5661 6747 6746 6476 6477
5425 6477 6476 6206 6207
5189 6207 6206 5936 5937
4953 5937 5936 5666 5667
4717 5667 5666 5396 5397
4481 5397 5396 5126 5127
4245 5127 5126 4856 4857
4009 4857 4856 4586 4587
3773 4587 4586 4316 4317
3537 4317 4316 4046 4047
3301 4047 4046 3776 3777
3065 3777 3776 3506 3507
2829 3507 3506 3236 3237
2593 3237 3236 2966 2967
2357 2967 2966 2696 2697
2121 2697 2696 2426 2427
1885 2427 2426 2156 2157
1649 2157 2156 1886 1887
1413 1887 1886 1616 1617
1177 1617 1616 1346 1347
941 1347 1346 1076 1077
705 1077 1076 806 807
469 807 806 531 533
233 533 531 532 534
6606 7828 7827 7557 7558
6370 7558 7557 7287 7288
6134 7288 7287 7017 7018
5898 7018 7017 6747 6748
5662 6748 6747 6477 6478
5426 6478 6477 6207 6208
5190 6208 6207 5937 5938
4954 5938 5937 5667 5668
4718 5668 5667 5397 5398
4482 5398 5397 5127 5128
4246 5128 5127 4857 4858
4010 4858 4857 4587 4588
3774 4588 4587 4317 4318
3538 4318 4317 4047 4048
3302 4048 4047 3777 3778
3066 3778 3777 3507 3508
2830 3508 3507 3237 3238
2594 3238 3237 2967 2968
2358 2968 2967 2697 2698
2122 2698 2697 2427 2428
1886 2428 2427 2157 2158
1650 2158 2157 1887 1888
1414 1888 1887 1617 1618
1178 1618 1617 1347 1348
942 1348 1347 1077 1078
706 1078 1077 807 808
470 808 807 533 535
234 535 533 534 536
6607 7829 7828 7558 7559
6371 7559 7558 7288 7289
6135 7289 7288 7018 7019
5899 7019 7018 6748 6749
5663 6749 6748 6478 6479
5427 6479 6478 6208 6209
5191 6209 6208 5938 5939
4955 5939 5938 5668 5669
4719 5669 5668 5398 5399
4483 5399 5398 5128 5129
4247 5129 5128 4858 4859
4011 4859 4858 4588 4589
3775 4589 4588 4318 4319
3539 4319 4318 4048 4049
3303 4049 4048 3778 3779
3067 3779 3778 3508 3509
2831 3509 3508 3238 3239
2595 3239 3238 2968 2969
2359 2969 2968 2698 2699
2123 2699 2698 2428 2429
1887 2429 2428 2158 2159
1651 2159 2158 1888 1889
1415 1889 1888 1618 1619
1179 1619 1618 1348 1349
943 1349 1348 1078 1079
707 1079 1078 808 809
471 809 808 535 537
235 537 535 536 538
6608 7830 7829 7559 7560
6372 7560 7559 7289 7290
6136 7290 7289 7019 7020
5900 7020 7019 6749 6750
5664 6750 6749 6479 6480
5428 6480 6479 6209 6210
5192 6210 6209 5939 5940
4956 5940 5939 5669 5670
4720 5670 5669 5399 5400
4484 5400 5399 5129 5130
4248 5130 5129 4859 4860
4012 4860 4859 4589 4590
3776 4590 4589 4319 4320
3540 4320 4319 4049 4050
3304 4050 4049 3779 3780
3068 3780 3779 3509 3510
2832 3510 3509 3239 3240
2596 3240 3239 2969 2970
2360 2970 2969 2699 2700
2124 2700 2699 2429 2430
1888 2430 2429 2159 2160
1652 2160 2159 1889 1890
1416 1890 1889 1619 1620
1180 1620 1619 1349 1350
944 1350 1349 1079 1080
708 1080 1079 809 810
472 810 809 537 539
236 539 537 538 540
