560
6608 7830 7560 7516 7786
6372 7560 7290 7246 7516
6136 7290 7020 6976 7246
5900 7020 6750 6706 6976
5664 6750 6480 6436 6706
5428 6480 6210 6166 6436
5192 6210 5940 5896 6166
4956 5940 5670 5626 5896
4720 5670 5400 5356 5626
4484 5400 5130 5086 5356
4248 5130 4860 4816 5086
4012 4860 4590 4546 4816
3776 4590 4320 4276 4546
3540 4320 4050 4006 4276
3304 4050 3780 3736 4006
3068 3780 3510 3466 3736
2832 3510 3240 3196 3466
2596 3240 2970 2926 3196
2360 2970 2700 2656 2926
2124 2700 2430 2386 2656
1888 2430 2160 2116 2386
1652 2160 1890 1846 2116
1416 1890 1620 1576 1846
1180 1620 1350 1306 1576
944 1350 1080 1036 1306
708 1080 810 766 1036
472 810 539 450 766
236 539 540 452 450
6566 7785 7786 7516 7515
6330 7515 7516 7246 7245
6094 7245 7246 6976 6975
5858 6975 6976 6706 6705
5622 6705 6706 6436 6435
5386 6435 6436 6166 6165
5150 6165 6166 5896 5895
4914 5895 5896 5626 5625
4678 5625 5626 5356 5355
4442 5355 5356 5086 5085
4206 5085 5086 4816 4815
3970 4815 4816 4546 4545
3734 4545 4546 4276 4275
3498 4275 4276 4006 4005
3262 4005 4006 3736 3735
3026 3735 3736 3466 3465
2790 3465 3466 3196 3195
2554 3195 3196 2926 2925
2318 2925 2926 2656 2655
2082 2655 2656 2386 2385
1846 2385 2386 2116 2115
1610 2115 2116 1846 1845
1374 1845 1846 1576 1575
1138 1575 1576 1306 1305
902 1305 1306 1036 1035
666 1035 1036 766 765
430 765 766 450 449
194 449 450 452 451
6567 7787 7785 7515 7517
6331 7517 7515 7245 7247
6095 7247 7245 6975 6977
5859 6977 6975 6705 6707
5623 6707 6705 6435 6437
5387 6437 6435 6165 6167
5151 6167 6165 5895 5897
4915 5897 5895 5625 5627
4679 5627 5625 5355 5357
4443 5357 5355 5085 5087
4207 5087 5085 4815 4817
3971 4817 4815 4545 4547
3735 4547 4545 4275 4277
3499 4277 4275 4005 4007
3263 4007 4005 3735 3737
3027 3737 3735 3465 3467
2791 3467 3465 3195 3197
2555 3197 3195 2925 2927
2319 2927 2925 2655 2657
2083 2657 2655 2385 2387
1847 2387 2385 2115 2117
1611 2117 2115 1845 1847
1375 1847 1845 1575 1577
1139 1577 1575 1305 1307
903 1307 1305 1035 1037
667 1037 1035 765 767
431 767 765 449 453
195 453 449 451 454
6568 7788 7787 7517 7518
6332 7518 7517 7247 7248
6096 7248 7247 6977 6978
5860 6978 6977 6707 6708
5624 6708 6707 6437 6438
5388 6438 6437 6167 6168
5152 6168 6167 5897 5898
4916 5898 5897 5627 5628
4680 5628 5627 5357 5358
4444 5358 5357 5087 5088
4208 5088 5087 4817 4818
3972 4818 4817 4547 4548
3736 4548 4547 4277 4278
3500 4278 4277 4007 4008
3264 4008 4007 3737 3738
3028 3738 3737 3467 3468
2792 3468 3467 3197 3198
2556 3198 3197 2927 2928
2320 2928 2927 2657 2658
2084 2658 2657 2387 2388
1848 2388 2387 2117 2118
1612 2118 2117 1847 1848
1376 1848 1847 1577 1578
1140 1578 1577 1307 1308
904 1308 1307 1037 1038
668 1038 1037 767 768
432 768 767 453 455
196 455 453 454 456
6569 7789 7788 7518 7519
6333 7519 7518 7248 7249
6097 7249 7248 6978 6979
5861 6979 6978 6708 6709
5625 6709 6708 6438 6439
5389 6439 6438 6168 6169
5153 6169 6168 5898 5899
4917 5899 5898 5628 5629
4681 5629 5628 5358 5359
4445 5359 5358 5088 5089
4209 5089 5088 4818 4819
3973 4819 4818 4548 4549
3737 4549 4548 4278 4279
3501 4279 4278 4008 4009
3265 4009 4008 3738 3739
3029 3739 3738 3468 3469
2793 3469 3468 3198 3199
2557 3199 3198 2928 2929
2321 2929 2928 2658 2659
2085 2659 2658 2388 2389
1849 2389 2388 2118 2119
1613 2119 2118 1848 1849
1377 1849 1848 1578 1579
1141 1579 1578 1308 1309
905 1309 1308 1038 1039
669 1039 1038 768 769
433 769 768 455 457
197 457 455 456 458
6570 7790 7789 7519 7520
6334 7520 7519 7249 7250
6098 7250 7249 6979 6980
5862 6980 6979 6709 6710
5626 6710 6709 6439 6440
5390 6440 6439 6169 6170
5154 6170 6169 5899 5900
4918 5900 5899 5629 5630
4682 5630 5629 5359 5360
4446 5360 5359 5089 5090
4210 5090 5089 4819 4820
3974 4820 4819 4549 4550
3738 4550 4549 4279 4280
3502 4280 4279 4009 4010
3266 4010 4009 3739 3740
3030 3740 3739 3469 3470
2794 3470 3469 3199 3200
2558 3200 3199 2929 2930
2322 2930 2929 2659 2660
2086 2660 2659 2389 2390
1850 2390 2389 2119 2120
1614 2120 2119 1849 1850
1378 1850 1849 1579 1580
1142 1580 1579 1309 1310
906 1310 1309 1039 1040
670 1040 1039 769 770
434 770 769 457 459
198 459 457 458 460
6571 7791 7790 7520 7521
6335 7521 7520 7250 7251
6099 7251 7250 6980 6981
5863 6981 6980 6710 6711
5627 6711 6710 6440 6441
5391 6441 6440 6170 6171
5155 6171 6170 5900 5901
4919 5901 5900 5630 5631
4683 5631 5630 5360 5361
4447 5361 5360 5090 5091
4211 5091 5090 4820 4821
3975 4821 4820 4550 4551
3739 4551 4550 4280 4281
3503 4281 4280 4010 4011
3267 4011 4010 3740 3741
3031 3741 3740 3470 3471
2795 3471 3470 3200 3201
2559 3201 3200 2930 2931
2323 2931 2930 2660 2661
2087 2661 2660 2390 2391
1851 2391 2390 2120 2121
1615 2121 2120 1850 1851
1379 1851 1850 1580 1581
1143 1581 1580 1310 1311
907 1311 1310 1040 1041
671 1041 1040 770 771
435 771 770 459 461
199 461 459 460 462
6572 7792 7791 7521 7522
6336 7522 7521 7251 7252
6100 7252 7251 6981 6982
5864 6982 6981 6711 6712
5628 6712 6711 6441 6442
5392 6442 6441 6171 6172
5156 6172 6171 5901 5902
4920 5902 5901 5631 5632
4684 5632 5631 5361 5362
4448 5362 5361 5091 5092
4212 5092 5091 4821 4822
3976 4822 4821 4551 4552
3740 4552 4551 4281 4282
3504 4282 4281 4011 4012
3268 4012 4011 3741 3742
3032 3742 3741 3471 3472
2796 3472 3471 3201 3202
2560 3202 3201 2931 2932
2324 2932 2931 2661 2662
2088 2662 2661 2391 2392
1852 2392 2391 2121 2122
1616 2122 2121 1851 1852
1380 1852 1851 1581 1582
1144 1582 1581 1311 1312
908 1312 1311 1041 1042
672 1042 1041 771 772
436 772 771 461 463
200 463 461 462 464
6573 7793 7792 7522 7523
6337 7523 7522 7252 7253
6101 7253 7252 6982 6983
5865 6983 6982 6712 6713
5629 6713 6712 6442 6443
5393 6443 6442 6172 6173
5157 6173 6172 5902 5903
4921 5903 5902 5632 5633
4685 5633 5632 5362 5363
4449 5363 5362 5092 5093
4213 5093 5092 4822 4823
3977 4823 4822 4552 4553
3741 4553 4552 4282 4283
3505 4283 4282 4012 4013
3269 4013 4012 3742 3743
3033 3743 3742 3472 3473
2797 3473 3472 3202 3203
2561 3203 3202 2932 2933
2325 2933 2932 2662 2663
2089 2663 2662 2392 2393
1853 2393 2392 2122 2123
1617 2123 2122 1852 1853
1381 1853 1852 1582 1583
1145 1583 1582 1312 1313
909 1313 1312 1042 1043
673 1043 1042 772 773
437 773 772 463 465
201 465 463 464 466
6574 7794 7793 7523 7524
6338 7524 7523 7253 7254
6102 7254 7253 6983 6984
5866 6984 6983 6713 6714
5630 6714 6713 6443 6444
5394 6444 6443 6173 6174
5158 6174 6173 5903 5904
4922 5904 5903 5633 5634
4686 5634 5633 5363 5364
4450 5364 5363 5093 5094
4214 5094 5093 4823 4824
3978 4824 4823 4553 4554
3742 4554 4553 4283 4284
3506 4284 4283 4013 4014
3270 4014 4013 3743 3744
3034 3744 3743 3473 3474
2798 3474 3473 3203 3204
2562 3204 3203 2933 2934
2326 2934 2933 2663 2664
2090 2664 2663 2393 2394
1854 2394 2393 2123 2124
1618 2124 2123 1853 1854
1382 1854 1853 1583 1584
1146 1584 1583 1313 1314
910 1314 1313 1043 1044
674 1044 1043 773 774
438 774 773 465 467
202 467 465 466 468
6575 7795 7794 7524 7525
6339 7525 7524 7254 7255
6103 7255 7254 6984 6985
5867 6985 6984 6714 6715
5631 6715 6714 6444 6445
5395 6445 6444 6174 6175
5159 6175 6174 5904 5905
4923 5905 5904 5634 5635
4687 5635 5634 5364 5365
4451 5365 5364 5094 5095
4215 5095 5094 4824 4825
3979 4825 4824 4554 4555
3743 4555 4554 4284 4285
3507 4285 4284 4014 4015
3271 4015 4014 3744 3745
3035 3745 3744 3474 3475
2799 3475 3474 3204 3205
2563 3205 3204 2934 2935
2327 2935 2934 2664 2665
2091 2665 2664 2394 2395
1855 2395 2394 2124 2125
1619 2125 2124 1854 1855
1383 1855 1854 1584 1585
1147 1585 1584 1314 1315
911 1315 1314 1044 1045
675 1045 1044 774 775
439 775 774 467 469
203 469 467 468 470
6576 7796 7795 7525 7526
6340 7526 7525 7255 7256
6104 7256 7255 6985 6986
5868 6986 6985 6715 6716
5632 6716 6715 6445 6446
5396 6446 6445 6175 6176
5160 6176 6175 5905 5906
4924 5906 5905 5635 5636
4688 5636 5635 5365 5366
4452 5366 5365 5095 5096
4216 5096 5095 4825 4826
3980 4826 4825 4555 4556
3744 4556 4555 4285 4286
3508 4286 4285 4015 4016
3272 4016 4015 3745 3746
3036 3746 3745 3475 3476
2800 3476 3475 3205 3206
2564 3206 3205 2935 2936
2328 2936 2935 2665 2666
2092 2666 2665 2395 2396
1856 2396 2395 2125 2126
1620 2126 2125 1855 1856
1384 1856 1855 1585 1586
1148 1586 1585 1315 1316
912 1316 1315 1045 1046
676 1046 1045 775 776
440 776 775 469 471
204 471 469 470 472
6577 7797 7796 7526 7527
6341 7527 7526 7256 7257
6105 7257 7256 6986 6987
5869 6987 6986 6716 6717
5633 6717 6716 6446 6447
5397 6447 6446 6176 6177
5161 6177 6176 5906 5907
4925 5907 5906 5636 5637
4689 5637 5636 5366 5367
4453 5367 5366 5096 5097
4217 5097 5096 4826 4827
3981 4827 4826 4556 4557
3745 4557 4556 4286 4287
3509 4287 4286 4016 4017
3273 4017 4016 3746 3747
3037 3747 3746 3476 3477
2801 3477 3476 3206 3207
2565 3207 3206 2936 2937
2329 2937 2936 2666 2667
2093 2667 2666 2396 2397
1857 2397 2396 2126 2127
1621 2127 2126 1856 1857
1385 1857 1856 1586 1587
1149 1587 1586 1316 1317
913 1317 1316 1046 1047
677 1047 1046 776 777
441 777 776 471 473
205 473 471 472 474
6578 7798 7797 7527 7528
6342 7528 7527 7257 7258
6106 7258 7257 6987 6988
5870 6988 6987 6717 6718
5634 6718 6717 6447 6448
5398 6448 6447 6177 6178
5162 6178 6177 5907 5908
4926 5908 5907 5637 5638
4690 5638 5637 5367 5368
4454 5368 5367 5097 5098
4218 5098 5097 4827 4828
3982 4828 4827 4557 4558
3746 4558 4557 4287 4288
3510 4288 4287 4017 4018
3274 4018 4017 3747 3748
3038 3748 3747 3477 3478
2802 3478 3477 3207 3208
2566 3208 3207 2937 2938
2330 2938 2937 2667 2668
2094 2668 2667 2397 2398
1858 2398 2397 2127 2128
1622 2128 2127 1857 1858
1386 1858 1857 1587 1588
1150 1588 1587 1317 1318
914 1318 1317 1047 1048
678 1048 1047 777 778
442 778 777 473 475
206 475 473 474 476
6579 7799 7798 7528 7529
6343 7529 7528 7258 7259
6107 7259 7258 6988 6989
5871 6989 6988 6718 6719
5635 6719 6718 6448 6449
5399 6449 6448 6178 6179
5163 6179 6178 5908 5909
4927 5909 5908 5638 5639
4691 5639 5638 5368 5369
4455 5369 5368 5098 5099
4219 5099 5098 4828 4829
3983 4829 4828 4558 4559
3747 4559 4558 4288 4289
3511 4289 4288 4018 4019
3275 4019 4018 3748 3749
3039 3749 3748 3478 3479
2803 3479 3478 3208 3209
2567 3209 3208 2938 2939
2331 2939 2938 2668 2669
2095 2669 2668 2398 2399
1859 2399 2398 2128 2129
1623 2129 2128 1858 1859
1387 1859 1858 1588 1589
1151 1589 1588 1318 1319
915 1319 1318 1048 1049
679 1049 1048 778 779
443 779 778 475 477
207 477 475 476 478
6580 7800 7799 7529 7530
6344 7530 7529 7259 7260
6108 7260 7259 6989 6990
5872 6990 6989 6719 6720
5636 6720 6719 6449 6450
5400 6450 6449 6179 6180
5164 6180 6179 5909 5910
4928 5910 5909 5639 5640
4692 5640 5639 5369 5370
4456 5370 5369 5099 5100
4220 5100 5099 4829 4830
3984 4830 4829 4559 4560
3748 4560 4559 4289 4290
3512 4290 4289 4019 4020
3276 4020 4019 3749 3750
3040 3750 3749 3479 3480
2804 3480 3479 3209 3210
2568 3210 3209 2939 2940
2332 2940 2939 2669 2670
2096 2670 2669 2399 2400
1860 2400 2399 2129 2130
1624 2130 2129 1859 1860
1388 1860 1859 1589 1590
1152 1590 1589 1319 1320
916 1320 1319 1049 1050
680 1050 1049 779 780
444 780 779 477 479
208 479 477 478 480
6581 7801 7800 7530 7531
6345 7531 7530 7260 7261
6109 7261 7260 6990 6991
5873 6991 6990 6720 6721
5637 6721 6720 6450 6451
5401 6451 6450 6180 6181
5165 6181 6180 5910 5911
4929 5911 5910 5640 5641
4693 5641 5640 5370 5371
4457 5371 5370 5100 5101
4221 5101 5100 4830 4831
3985 4831 4830 4560 4561
3749 4561 4560 4290 4291
3513 4291 4290 4020 4021
3277 4021 4020 3750 3751
3041 3751 3750 3480 3481
2805 3481 3480 3210 3211
2569 3211 3210 2940 2941
2333 2941 2940 2670 2671
2097 2671 2670 2400 2401
1861 2401 2400 2130 2131
1625 2131 2130 1860 1861
1389 1861 1860 1590 1591
1153 1591 1590 1320 1321
917 1321 1320 1050 1051
681 1051 1050 780 781
445 781 780 479 481
209 481 479 480 482
6582 7802 7801 7531 7532
6346 7532 7531 7261 7262
6110 7262 7261 6991 6992
5874 6992 6991 6721 6722
5638 6722 6721 6451 6452
5402 6452 6451 6181 6182
5166 6182 6181 5911 5912
4930 5912 5911 5641 5642
4694 5642 5641 5371 5372
4458 5372 5371 5101 5102
4222 5102 5101 4831 4832
3986 4832 4831 4561 4562
3750 4562 4561 4291 4292
3514 4292 4291 4021 4022
3278 4022 4021 3751 3752
3042 3752 3751 3481 3482
2806 3482 3481 3211 3212
2570 3212 3211 2941 2942
2334 2942 2941 2671 2672
2098 2672 2671 2401 2402
1862 2402 2401 2131 2132
1626 2132 2131 1861 1862
1390 1862 1861 1591 1592
1154 1592 1591 1321 1322
918 1322 1321 1051 1052
682 1052 1051 781 782
446 782 781 481 483
210 483 481 482 484
6583 7803 7802 7532 7533
6347 7533 7532 7262 7263
6111 7263 7262 6992 6993
5875 6993 6992 6722 6723
5639 6723 6722 6452 6453
5403 6453 6452 6182 6183
5167 6183 6182 5912 5913
4931 5913 5912 5642 5643
4695 5643 5642 5372 5373
4459 5373 5372 5102 5103
4223 5103 5102 4832 4833
3987 4833 4832 4562 4563
3751 4563 4562 4292 4293
3515 4293 4292 4022 4023
3279 4023 4022 3752 3753
3043 3753 3752 3482 3483
2807 3483 3482 3212 3213
2571 3213 3212 2942 2943
2335 2943 2942 2672 2673
2099 2673 2672 2402 2403
1863 2403 2402 2132 2133
1627 2133 2132 1862 1863
1391 1863 1862 1592 1593
1155 1593 1592 1322 1323
919 1323 1322 1052 1053
683 1053 1052 782 783
447 783 782 483 485
211 485 483 484 486
6584 7805 7803 7533 7535
6348 7535 7533 7263 7265
6112 7265 7263 6993 6995
5876 6995 6993 6723 6725
5640 6725 6723 6453 6455
5404 6455 6453 6183 6185
5168 6185 6183 5913 5915
4932 5915 5913 5643 5645
4696 5645 5643 5373 5375
4460 5375 5373 5103 5105
4224 5105 5103 4833 4835
3988 4835 4833 4563 4565
3752 4565 4563 4293 4295
3516 4295 4293 4023 4025
3280 4025 4023 3753 3755
3044 3755 3753 3483 3485
2808 3485 3483 3213 3215
2572 3215 3213 2943 2945
2336 2945 2943 2673 2675
2100 2675 2673 2403 2405
1864 2405 2403 2133 2135
1628 2135 2133 1863 1865
1392 1865 1863 1593 1595
1156 1595 1593 1323 1325
920 1325 1323 1053 1055
684 1055 1053 783 785
448 785 783 485 488
212 488 485 486 490
