236
6373 7561 7564 7563 7562
6374 7565 7561 7562 7566
6375 7567 7564 7561 7565
6376 7568 7566 7562 7569
6377 7570 7569 7562 7563
6378 7571 7564 7567 7572
6379 7573 7563 7564 7571
6380 7574 7570 7563 7573
6381 7575 7576 7570 7574
6382 7577 7578 7576 7575
6383 7579 7578 7577 7580
6384 7581 7566 7568 7582
6385 7583 7565 7566 7581
6386 7584 7567 7565 7583
6387 7585 7572 7567 7584
6388 7586 7587 7579 7580
6389 7588 7589 7587 7586
6390 7590 7572 7585 7591
6391 7592 7571 7572 7590
6392 7593 7573 7571 7592
6393 7594 7574 7573 7593
6394 7595 7575 7574 7594
6395 7596 7577 7575 7595
6396 7597 7580 7577 7596
6397 7598 7586 7580 7597
6398 7599 7588 7586 7598
6399 7600 7589 7588 7599
6400 7601 7600 7599 7602
6401 7602 7599 7598 7603
6402 7604 7601 7606 7605
6403 7607 7600 7601 7604
6404 7608 7589 7600 7607
6405 7609 7587 7589 7608
6406 7610 7579 7587 7609
6407 7611 7578 7579 7610
6408 7612 7576 7578 7611
6409 7613 7570 7576 7612
6410 7614 7569 7570 7613
6411 7615 7568 7569 7614
6412 7616 7582 7568 7615
6413 7617 7582 7616 7618
6414 7619 7581 7582 7617
6415 7620 7583 7581 7619
6416 7621 7584 7583 7620
6417 7622 7585 7584 7621
6418 7623 7591 7585 7622
6419 7624 7604 7605 7625
6420 7626 7607 7604 7624
6421 7627 7608 7607 7626
6422 7628 7609 7608 7627
6423 7629 7610 7609 7628
6424 7630 7611 7610 7629
6425 7631 7612 7611 7630
6426 7632 7613 7612 7631
6427 7633 7614 7613 7632
6428 7634 7615 7614 7633
6429 7635 7616 7615 7634
6430 7636 7618 7616 7635
6431 7637 7591 7623 7638
6432 7639 7590 7591 7637
6433 7640 7592 7590 7639
6434 7641 7593 7592 7640
6435 7642 7594 7593 7641
6436 7643 7595 7594 7642
6437 7644 7596 7595 7643
6438 7645 7597 7596 7644
6439 7603 7598 7597 7645
6440 7646 7606 7601 7602
6441 7647 7618 7636 7648
6442 7649 7617 7618 7647
6443 7650 7619 7617 7649
6444 7651 7620 7619 7650
6445 7652 7621 7620 7651
6446 7653 7622 7621 7652
6447 7654 7623 7622 7653
6448 7655 7638 7623 7654
6449 7656 7606 7646 7657
6450 7658 7605 7606 7656
6451 7659 7625 7605 7658
6452 7660 7625 7659 7661
6453 7662 7624 7625 7660
6454 7663 7626 7624 7662
6455 7664 7627 7626 7663
6456 7665 7628 7627 7664
6457 7666 7629 7628 7665
6458 7667 7630 7629 7666
6459 7668 7631 7630 7667
6460 7669 7632 7631 7668
6461 7670 7633 7632 7669
6462 7671 7634 7633 7670
6463 7672 7635 7634 7671
6464 7673 7636 7635 7672
6465 7674 7648 7636 7673
6466 7675 7638 7655 7676
6467 7677 7637 7638 7675
6468 7678 7639 7637 7677
6469 7679 7640 7639 7678
6470 7680 7641 7640 7679
6471 7681 7642 7641 7680
6472 7682 7643 7642 7681
6473 7683 7644 7643 7682
6474 7684 7645 7644 7683
6475 7685 7603 7645 7684
6476 7686 7602 7603 7685
6477 7687 7646 7602 7686
6478 7688 7657 7646 7687
6479 7689 7657 7688 7690
6480 7691 7656 7657 7689
6481 7692 7658 7656 7691
6482 7693 7659 7658 7692
6483 7694 7661 7659 7693
6484 7695 7648 7674 7696
6485 7697 7647 7648 7695
6486 7698 7649 7647 7697
6487 7699 7650 7649 7698
6488 7700 7651 7650 7699
6489 7701 7652 7651 7700
6490 7702 7653 7652 7701
6491 7703 7654 7653 7702
6492 7704 7655 7654 7703
6493 7705 7676 7655 7704
6494 7706 7707 7676 7705
6495 7708 7707 7706 7709
6496 7710 7676 7707 7708
6497 7711 7675 7676 7710
6498 7712 7677 7675 7711
6499 7713 7678 7677 7712
6500 7714 7679 7678 7713
6501 7715 7680 7679 7714
6502 7716 7681 7680 7715
6503 7717 7682 7681 7716
6504 7718 7683 7682 7717
6505 7719 7684 7683 7718
6506 7720 7685 7684 7719
6507 7721 7686 7685 7720
6508 7722 7687 7686 7721
6509 7723 7688 7687 7722
6510 7724 7690 7688 7723
6511 7725 7661 7694 7726
6512 7727 7660 7661 7725
6513 7728 7662 7660 7727
6514 7729 7663 7662 7728
6515 7730 7664 7663 7729
6516 7731 7665 7664 7730
6517 7732 7666 7665 7731
6518 7733 7667 7666 7732
6519 7734 7668 7667 7733
6520 7735 7669 7668 7734
6521 7736 7670 7669 7735
6522 7737 7671 7670 7736
6523 7738 7672 7671 7737
6524 7739 7673 7672 7738
6525 7740 7674 7673 7739
6526 7741 7696 7674 7740
6527 7742 7696 7741 7743
6528 7744 7695 7696 7742
6529 7745 7697 7695 7744
6530 7746 7698 7697 7745
6531 7747 7699 7698 7746
6532 7748 7700 7699 7747
6533 7749 7701 7700 7748
6534 7750 7702 7701 7749
6535 7751 7703 7702 7750
6536 7752 7704 7703 7751
6537 7753 7705 7704 7752
6538 7754 7706 7705 7753
6539 7755 7709 7706 7754
6540 7756 7690 7724 7757
6541 7758 7689 7690 7756
6542 7759 7691 7689 7758
6543 7760 7692 7691 7759
6544 7761 7693 7692 7760
6545 7762 7694 7693 7761
6546 7763 7726 7694 7762
6547 7764 7755 7766 7765
6548 7767 7709 7755 7764
6549 7768 7708 7709 7767
6550 7769 7710 7708 7768
6551 7770 7711 7710 7769
6552 7771 7712 7711 7770
6553 7772 7713 7712 7771
6554 7773 7714 7713 7772
6555 7774 7715 7714 7773
6556 7775 7716 7715 7774
6557 7776 7717 7716 7775
6558 7777 7718 7717 7776
6559 7778 7719 7718 7777
6560 7779 7720 7719 7778
6561 7780 7721 7720 7779
6562 7781 7722 7721 7780
6563 7782 7723 7722 7781
6564 7783 7724 7723 7782
6565 7784 7757 7724 7783
6566 7785 7726 7763 7786
6567 7787 7725 7726 7785
6568 7788 7727 7725 7787
6569 7789 7728 7727 7788
6570 7790 7729 7728 7789
6571 7791 7730 7729 7790
6572 7792 7731 7730 7791
6573 7793 7732 7731 7792
6574 7794 7733 7732 7793
6575 7795 7734 7733 7794
6576 7796 7735 7734 7795
6577 7797 7736 7735 7796
6578 7798 7737 7736 7797
6579 7799 7738 7737 7798
6580 7800 7739 7738 7799
6581 7801 7740 7739 7800
6582 7802 7741 7740 7801
6583 7803 7743 7741 7802
6584 7804 7743 7803 7805
6585 7806 7742 7743 7804
6586 7807 7744 7742 7806
6587 7808 7745 7744 7807
6588 7809 7746 7745 7808
6589 7810 7747 7746 7809
6590 7811 7748 7747 7810
6591 7812 7749 7748 7811
6592 7813 7750 7749 7812
6593 7814 7751 7750 7813
6594 7815 7752 7751 7814
6595 7816 7753 7752 7815
6596 7817 7754 7753 7816
6597 7818 7755 7754 7817
6598 7819 7766 7755 7818
6599 7820 7765 7766 7819
6600 7821 7757 7784 7822
6601 7823 7756 7757 7821
6602 7824 7758 7756 7823
6603 7825 7759 7758 7824
6604 7826 7760 7759 7825
6605 7827 7761 7760 7826
6606 7828 7762 7761 7827
6607 7829 7763 7762 7828
6608 7830 7786 7763 7829
