448
227 519 517 518 520
463 800 799 517 519
699 1070 1069 799 800
935 1340 1339 1069 1070
1171 1610 1609 1339 1340
1407 1880 1879 1609 1610
1643 2150 2149 1879 1880
1879 2420 2419 2149 2150
2115 2690 2689 2419 2420
2351 2960 2959 2689 2690
2587 3230 3229 2959 2960
2823 3500 3499 3229 3230
3059 3770 3769 3499 3500
3295 4040 4039 3769 3770
3531 4310 4309 4039 4040
3767 4580 4579 4309 4310
4003 4850 4849 4579 4580
4239 5120 5119 4849 4850
4475 5390 5389 5119 5120
4711 5660 5659 5389 5390
4947 5930 5929 5659 5660
5183 6200 6199 5929 5930
5419 6470 6469 6199 6200
5655 6740 6739 6469 6470
5891 7010 7009 6739 6740
6127 7280 7279 7009 7010
6363 7550 7549 7279 7280
6599 7820 7819 7549 7550
226 517 515 516 518
462 799 798 515 517
698 1069 1068 798 799
934 1339 1338 1068 1069
1170 1609 1608 1338 1339
1406 1879 1878 1608 1609
1642 2149 2148 1878 1879
1878 2419 2418 2148 2149
2114 2689 2688 2418 2419
2350 2959 2958 2688 2689
2586 3229 3228 2958 2959
2822 3499 3498 3228 3229
3058 3769 3768 3498 3499
3294 4039 4038 3768 3769
3530 4309 4308 4038 4039
3766 4579 4578 4308 4309
4002 4849 4848 4578 4579
4238 5119 5118 4848 4849
4474 5389 5388 5118 5119
4710 5659 5658 5388 5389
4946 5929 5928 5658 5659
5182 6199 6198 5928 5929
5418 6469 6468 6198 6199
5654 6739 6738 6468 6469
5890 7009 7008 6738 6739
6126 7279 7278 7008 7009
6362 7549 7548 7278 7279
6598 7819 7818 7548 7549
225 515 513 514 516
461 798 797 513 515
697 1068 1067 797 798
933 1338 1337 1067 1068
1169 1608 1607 1337 1338
1405 1878 1877 1607 1608
1641 2148 2147 1877 1878
1877 2418 2417 2147 2148
2113 2688 2687 2417 2418
2349 2958 2957 2687 2688
2585 3228 3227 2957 2958
2821 3498 3497 3227 3228
3057 3768 3767 3497 3498
3293 4038 4037 3767 3768
3529 4308 4307 4037 4038
3765 4578 4577 4307 4308
4001 4848 4847 4577 4578
4237 5118 5117 4847 4848
4473 5388 5387 5117 5118
4709 5658 5657 5387 5388
4945 5928 5927 5657 5658
5181 6198 6197 5927 5928
5417 6468 6467 6197 6198
5653 6738 6737 6467 6468
5889 7008 7007 6737 6738
6125 7278 7277 7007 7008
6361 7548 7547 7277 7278
6597 7818 7817 7547 7548
224 513 511 512 514
460 797 796 511 513
696 1067 1066 796 797
932 1337 1336 1066 1067
1168 1607 1606 1336 1337
1404 1877 1876 1606 1607
1640 2147 2146 1876 1877
1876 2417 2416 2146 2147
2112 2687 2686 2416 2417
2348 2957 2956 2686 2687
2584 3227 3226 2956 2957
2820 3497 3496 3226 3227
3056 3767 3766 3496 3497
3292 4037 4036 3766 3767
3528 4307 4306 4036 4037
3764 4577 4576 4306 4307
4000 4847 4846 4576 4577
4236 5117 5116 4846 4847
4472 5387 5386 5116 5117
4708 5657 5656 5386 5387
4944 5927 5926 5656 5657
5180 6197 6196 5926 5927
5416 6467 6466 6196 6197
5652 6737 6736 6466 6467
5888 7007 7006 6736 6737
6124 7277 7276 7006 7007
6360 7547 7546 7276 7277
6596 7817 7816 7546 7547
223 511 509 510 512
459 796 795 509 511
695 1066 1065 795 796
931 1336 1335 1065 1066
1167 1606 1605 1335 1336
1403 1876 1875 1605 1606
1639 2146 2145 1875 1876
1875 2416 2415 2145 2146
2111 2686 2685 2415 2416
2347 2956 2955 2685 2686
2583 3226 3225 2955 2956
2819 3496 3495 3225 3226
3055 3766 3765 3495 3496
3291 4036 4035 3765 3766
3527 4306 4305 4035 4036
3763 4576 4575 4305 4306
3999 4846 4845 4575 4576
4235 5116 5115 4845 4846
4471 5386 5385 5115 5116
4707 5656 5655 5385 5386
4943 5926 5925 5655 5656
5179 6196 6195 5925 5926
5415 6466 6465 6195 6196
5651 6736 6735 6465 6466
5887 7006 7005 6735 6736
6123 7276 7275 7005 7006
6359 7546 7545 7275 7276
6595 7816 7815 7545 7546
222 509 507 508 510
458 795 794 507 509
694 1065 1064 794 795
930 1335 1334 1064 1065
1166 1605 1604 1334 1335
1402 1875 1874 1604 1605
1638 2145 2144 1874 1875
1874 2415 2414 2144 2145
2110 2685 2684 2414 2415
2346 2955 2954 2684 2685
2582 3225 3224 2954 2955
2818 3495 3494 3224 3225
3054 3765 3764 3494 3495
3290 4035 4034 3764 3765
3526 4305 4304 4034 4035
3762 4575 4574 4304 4305
3998 4845 4844 4574 4575
4234 5115 5114 4844 4845
4470 5385 5384 5114 5115
4706 5655 5654 5384 5385
4942 5925 5924 5654 5655
5178 6195 6194 5924 5925
5414 6465 6464 6194 6195
5650 6735 6734 6464 6465
5886 7005 7004 6734 6735
6122 7275 7274 7004 7005
6358 7545 7544 7274 7275
6594 7815 7814 7544 7545
221 507 505 506 508
457 794 793 505 507
693 1064 1063 793 794
929 1334 1333 1063 1064
1165 1604 1603 1333 1334
1401 1874 1873 1603 1604
1637 2144 2143 1873 1874
1873 2414 2413 2143 2144
2109 2684 2683 2413 2414
2345 2954 2953 2683 2684
2581 3224 3223 2953 2954
2817 3494 3493 3223 3224
3053 3764 3763 3493 3494
3289 4034 4033 3763 3764
3525 4304 4303 4033 4034
3761 4574 4573 4303 4304
3997 4844 4843 4573 4574
4233 5114 5113 4843 4844
4469 5384 5383 5113 5114
4705 5654 5653 5383 5384
4941 5924 5923 5653 5654
5177 6194 6193 5923 5924
5413 6464 6463 6193 6194
5649 6734 6733 6463 6464
5885 7004 7003 6733 6734
6121 7274 7273 7003 7004
6357 7544 7543 7273 7274
6593 7814 7813 7543 7544
220 505 503 504 506
456 793 792 503 505
692 1063 1062 792 793
928 1333 1332 1062 1063
1164 1603 1602 1332 1333
1400 1873 1872 1602 1603
1636 2143 2142 1872 1873
1872 2413 2412 2142 2143
2108 2683 2682 2412 2413
2344 2953 2952 2682 2683
2580 3223 3222 2952 2953
2816 3493 3492 3222 3223
3052 3763 3762 3492 3493
3288 4033 4032 3762 3763
3524 4303 4302 4032 4033
3760 4573 4572 4302 4303
3996 4843 4842 4572 4573
4232 5113 5112 4842 4843
4468 5383 5382 5112 5113
4704 5653 5652 5382 5383
4940 5923 5922 5652 5653
5176 6193 6192 5922 5923
5412 6463 6462 6192 6193
5648 6733 6732 6462 6463
5884 7003 7002 6732 6733
6120 7273 7272 7002 7003
6356 7543 7542 7272 7273
6592 7813 7812 7542 7543
219 503 501 502 504
455 792 791 501 503
691 1062 1061 791 792
927 1332 1331 1061 1062
1163 1602 1601 1331 1332
1399 1872 1871 1601 1602
1635 2142 2141 1871 1872
1871 2412 2411 2141 2142
2107 2682 2681 2411 2412
2343 2952 2951 2681 2682
2579 3222 3221 2951 2952
2815 3492 3491 3221 3222
3051 3762 3761 3491 3492
3287 4032 4031 3761 3762
3523 4302 4301 4031 4032
3759 4572 4571 4301 4302
3995 4842 4841 4571 4572
4231 5112 5111 4841 4842
4467 5382 5381 5111 5112
4703 5652 5651 5381 5382
4939 5922 5921 5651 5652
5175 6192 6191 5921 5922
5411 6462 6461 6191 6192
5647 6732 6731 6461 6462
5883 7002 7001 6731 6732
6119 7272 7271 7001 7002
6355 7542 7541 7271 7272
6591 7812 7811 7541 7542
218 501 499 500 502
454 791 790 499 501
690 1061 1060 790 791
926 1331 1330 1060 1061
1162 1601 1600 1330 1331
1398 1871 1870 1600 1601
1634 2141 2140 1870 1871
1870 2411 2410 2140 2141
2106 2681 2680 2410 2411
2342 2951 2950 2680 2681
2578 3221 3220 2950 2951
2814 3491 3490 3220 3221
3050 3761 3760 3490 3491
3286 4031 4030 3760 3761
3522 4301 4300 4030 4031
3758 4571 4570 4300 4301
3994 4841 4840 4570 4571
4230 5111 5110 4840 4841
4466 5381 5380 5110 5111
4702 5651 5650 5380 5381
4938 5921 5920 5650 5651
5174 6191 6190 5920 5921
5410 6461 6460 6190 6191
5646 6731 6730 6460 6461
5882 7001 7000 6730 6731
6118 7271 7270 7000 7001
6354 7541 7540 7270 7271
6590 7811 7810 7540 7541
217 499 497 498 500
453 790 789 497 499
689 1060 1059 789 790
925 1330 1329 1059 1060
1161 1600 1599 1329 1330
1397 1870 1869 1599 1600
1633 2140 2139 1869 1870
1869 2410 2409 2139 2140
2105 2680 2679 2409 2410
2341 2950 2949 2679 2680
2577 3220 3219 2949 2950
2813 3490 3489 3219 3220
3049 3760 3759 3489 3490
3285 4030 4029 3759 3760
3521 4300 4299 4029 4030
3757 4570 4569 4299 4300
3993 4840 4839 4569 4570
4229 5110 5109 4839 4840
4465 5380 5379 5109 5110
4701 5650 5649 5379 5380
4937 5920 5919 5649 5650
5173 6190 6189 5919 5920
5409 6460 6459 6189 6190
5645 6730 6729 6459 6460
5881 7000 6999 6729 6730
6117 7270 7269 6999 7000
6353 7540 7539 7269 7270
6589 7810 7809 7539 7540
216 497 495 496 498
452 789 788 495 497
688 1059 1058 788 789
924 1329 1328 1058 1059
1160 1599 1598 1328 1329
1396 1869 1868 1598 1599
1632 2139 2138 1868 1869
1868 2409 2408 2138 2139
2104 2679 2678 2408 2409
2340 2949 2948 2678 2679
2576 3219 3218 2948 2949
2812 3489 3488 3218 3219
3048 3759 3758 3488 3489
3284 4029 4028 3758 3759
3520 4299 4298 4028 4029
3756 4569 4568 4298 4299
3992 4839 4838 4568 4569
4228 5109 5108 4838 4839
4464 5379 5378 5108 5109
4700 5649 5648 5378 5379
4936 5919 5918 5648 5649
5172 6189 6188 5918 5919
5408 6459 6458 6188 6189
5644 6729 6728 6458 6459
5880 6999 6998 6728 6729
6116 7269 7268 6998 6999
6352 7539 7538 7268 7269
6588 7809 7808 7538 7539
215 495 493 494 496
451 788 787 493 495
687 1058 1057 787 788
923 1328 1327 1057 1058
1159 1598 1597 1327 1328
1395 1868 1867 1597 1598
1631 2138 2137 1867 1868
1867 2408 2407 2137 2138
2103 2678 2677 2407 2408
2339 2948 2947 2677 2678
2575 3218 3217 2947 2948
2811 3488 3487 3217 3218
3047 3758 3757 3487 3488
3283 4028 4027 3757 3758
3519 4298 4297 4027 4028
3755 4568 4567 4297 4298
3991 4838 4837 4567 4568
4227 5108 5107 4837 4838
4463 5378 5377 5107 5108
4699 5648 5647 5377 5378
4935 5918 5917 5647 5648
5171 6188 6187 5917 5918
5407 6458 6457 6187 6188
5643 6728 6727 6457 6458
5879 6998 6997 6727 6728
6115 7268 7267 6997 6998
6351 7538 7537 7267 7268
6587 7808 7807 7537 7538
214 493 491 492 494
450 787 786 491 493
686 1057 1056 786 787
922 1327 1326 1056 1057
1158 1597 1596 1326 1327
1394 1867 1866 1596 1597
1630 2137 2136 1866 1867
1866 2407 2406 2136 2137
2102 2677 2676 2406 2407
2338 2947 2946 2676 2677
2574 3217 3216 2946 2947
2810 3487 3486 3216 3217
3046 3757 3756 3486 3487
3282 4027 4026 3756 3757
3518 4297 4296 4026 4027
3754 4567 4566 4296 4297
3990 4837 4836 4566 4567
4226 5107 5106 4836 4837
4462 5377 5376 5106 5107
4698 5647 5646 5376 5377
4934 5917 5916 5646 5647
5170 6187 6186 5916 5917
5406 6457 6456 6186 6187
5642 6727 6726 6456 6457
5878 6997 6996 6726 6727
6114 7267 7266 6996 6997
6350 7537 7536 7266 7267
6586 7807 7806 7536 7537
213 491 487 489 492
449 786 784 487 491
685 1056 1054 784 786
921 1326 1324 1054 1056
1157 1596 1594 1324 1326
1393 1866 1864 1594 1596
1629 2136 2134 1864 1866
1865 2406 2404 2134 2136
2101 2676 2674 2404 2406
2337 2946 2944 2674 2676
2573 3216 3214 2944 2946
2809 3486 3484 3214 3216
3045 3756 3754 3484 3486
3281 4026 4024 3754 3756
3517 4296 4294 4024 4026
3753 4566 4564 4294 4296
3989 4836 4834 4564 4566
4225 5106 5104 4834 4836
4461 5376 5374 5104 5106
4697 5646 5644 5374 5376
4933 5916 5914 5644 5646
5169 6186 6184 5914 5916
5405 6456 6454 6184 6186
5641 6726 6724 6454 6456
5877 6996 6994 6724 6726
6113 7266 7264 6994 6996
6349 7536 7534 7264 7266
6585 7806 7804 7534 7536
212 487 488 490 489
448 784 785 488 487
684 1054 1055 785 784
920 1324 1325 1055 1054
1156 1594 1595 1325 1324
1392 1864 1865 1595 1594
1628 2134 2135 1865 1864
1864 2404 2405 2135 2134
2100 2674 2675 2405 2404
2336 2944 2945 2675 2674
2572 3214 3215 2945 2944
2808 3484 3485 3215 3214
3044 3754 3755 3485 3484
3280 4024 4025 3755 3754
3516 4294 4295 4025 4024
3752 4564 4565 4295 4294
3988 4834 4835 4565 4564
4224 5104 5105 4835 4834
4460 5374 5375 5105 5104
4696 5644 5645 5375 5374
4932 5914 5915 5645 5644
5168 6184 6185 5915 5914
5404 6454 6455 6185 6184
5640 6724 6725 6455 6454
5876 6994 6995 6725 6724
6112 7264 7265 6995 6994
6348 7534 7535 7265 7264
6584 7804 7805 7535 7534
