   5.03426647        0.687500000    
   5.06811428        0.687500000    
   5.10196257        0.437500000    
   5.13581085        0.625000000    
   5.16965866        0.875000000    
   5.20350647        0.687500000    
   5.23735476         1.12500000    
   5.27120304         1.18750000    
   5.30505085         1.37500000    
   5.33889866         1.37500000    
   5.37274694         2.06250000    
   5.40659523         3.93750000    
   5.44044304         4.06250000    
   5.47429085         5.00000000    
   5.50813913         7.56250000    
   5.54198742         42.0000000    
   5.57583523         17.8125000    
   5.60968304         4.31250000    
   5.64353132         2.62500000    
   5.67737961         1.56250000    
