609
6883 8393 8391 8392 8394
7158 8676 8675 8391 8393
7433 8958 8957 8675 8676
7708 9240 9239 8957 8958
7983 9522 9521 9239 9240
8258 9804 9803 9521 9522
8533 10086 10085 9803 9804
8808 10368 10367 10085 10086
9083 10650 10649 10367 10368
9358 10932 10931 10649 10650
9633 11214 11213 10931 10932
9908 11496 11495 11213 11214
10183 11778 11777 11495 11496
10458 12060 12059 11777 11778
10733 12342 12341 12059 12060
11008 12624 12623 12341 12342
11283 12906 12905 12623 12624
11558 13188 13187 12905 12906
11833 13470 13469 13187 13188
12108 13752 13751 13469 13470
12383 14034 14033 13751 13752
6882 8391 8389 8390 8392
7157 8675 8674 8389 8391
7432 8957 8956 8674 8675
7707 9239 9238 8956 8957
7982 9521 9520 9238 9239
8257 9803 9802 9520 9521
8532 10085 10084 9802 9803
8807 10367 10366 10084 10085
9082 10649 10648 10366 10367
9357 10931 10930 10648 10649
9632 11213 11212 10930 10931
9907 11495 11494 11212 11213
10182 11777 11776 11494 11495
10457 12059 12058 11776 11777
10732 12341 12340 12058 12059
11007 12623 12622 12340 12341
11282 12905 12904 12622 12623
11557 13187 13186 12904 12905
11832 13469 13468 13186 13187
12107 13751 13750 13468 13469
12382 14033 14032 13750 13751
6881 8389 8387 8388 8390
7156 8674 8673 8387 8389
7431 8956 8955 8673 8674
7706 9238 9237 8955 8956
7981 9520 9519 9237 9238
8256 9802 9801 9519 9520
8531 10084 10083 9801 9802
8806 10366 10365 10083 10084
9081 10648 10647 10365 10366
9356 10930 10929 10647 10648
9631 11212 11211 10929 10930
9906 11494 11493 11211 11212
10181 11776 11775 11493 11494
10456 12058 12057 11775 11776
10731 12340 12339 12057 12058
11006 12622 12621 12339 12340
11281 12904 12903 12621 12622
11556 13186 13185 12903 12904
11831 13468 13467 13185 13186
12106 13750 13749 13467 13468
12381 14032 14031 13749 13750
6880 8387 8385 8386 8388
7155 8673 8672 8385 8387
7430 8955 8954 8672 8673
7705 9237 9236 8954 8955
7980 9519 9518 9236 9237
8255 9801 9800 9518 9519
8530 10083 10082 9800 9801
8805 10365 10364 10082 10083
9080 10647 10646 10364 10365
9355 10929 10928 10646 10647
9630 11211 11210 10928 10929
9905 11493 11492 11210 11211
10180 11775 11774 11492 11493
10455 12057 12056 11774 11775
10730 12339 12338 12056 12057
11005 12621 12620 12338 12339
11280 12903 12902 12620 12621
11555 13185 13184 12902 12903
11830 13467 13466 13184 13185
12105 13749 13748 13466 13467
12380 14031 14030 13748 13749
6879 8385 8383 8384 8386
7154 8672 8671 8383 8385
7429 8954 8953 8671 8672
7704 9236 9235 8953 8954
7979 9518 9517 9235 9236
8254 9800 9799 9517 9518
8529 10082 10081 9799 9800
8804 10364 10363 10081 10082
9079 10646 10645 10363 10364
9354 10928 10927 10645 10646
9629 11210 11209 10927 10928
9904 11492 11491 11209 11210
10179 11774 11773 11491 11492
10454 12056 12055 11773 11774
10729 12338 12337 12055 12056
11004 12620 12619 12337 12338
11279 12902 12901 12619 12620
11554 13184 13183 12901 12902
11829 13466 13465 13183 13184
12104 13748 13747 13465 13466
12379 14030 14029 13747 13748
6878 8383 8381 8382 8384
7153 8671 8670 8381 8383
7428 8953 8952 8670 8671
7703 9235 9234 8952 8953
7978 9517 9516 9234 9235
8253 9799 9798 9516 9517
8528 10081 10080 9798 9799
8803 10363 10362 10080 10081
9078 10645 10644 10362 10363
9353 10927 10926 10644 10645
9628 11209 11208 10926 10927
9903 11491 11490 11208 11209
10178 11773 11772 11490 11491
10453 12055 12054 11772 11773
10728 12337 12336 12054 12055
11003 12619 12618 12336 12337
11278 12901 12900 12618 12619
11553 13183 13182 12900 12901
11828 13465 13464 13182 13183
12103 13747 13746 13464 13465
12378 14029 14028 13746 13747
6877 8381 8379 8380 8382
7152 8670 8669 8379 8381
7427 8952 8951 8669 8670
7702 9234 9233 8951 8952
7977 9516 9515 9233 9234
8252 9798 9797 9515 9516
8527 10080 10079 9797 9798
8802 10362 10361 10079 10080
9077 10644 10643 10361 10362
9352 10926 10925 10643 10644
9627 11208 11207 10925 10926
9902 11490 11489 11207 11208
10177 11772 11771 11489 11490
10452 12054 12053 11771 11772
10727 12336 12335 12053 12054
11002 12618 12617 12335 12336
11277 12900 12899 12617 12618
11552 13182 13181 12899 12900
11827 13464 13463 13181 13182
12102 13746 13745 13463 13464
12377 14028 14027 13745 13746
6876 8379 8377 8378 8380
7151 8669 8668 8377 8379
7426 8951 8950 8668 8669
7701 9233 9232 8950 8951
7976 9515 9514 9232 9233
8251 9797 9796 9514 9515
8526 10079 10078 9796 9797
8801 10361 10360 10078 10079
9076 10643 10642 10360 10361
9351 10925 10924 10642 10643
9626 11207 11206 10924 10925
9901 11489 11488 11206 11207
10176 11771 11770 11488 11489
10451 12053 12052 11770 11771
10726 12335 12334 12052 12053
11001 12617 12616 12334 12335
11276 12899 12898 12616 12617
11551 13181 13180 12898 12899
11826 13463 13462 13180 13181
12101 13745 13744 13462 13463
12376 14027 14026 13744 13745
6875 8377 8375 8376 8378
7150 8668 8667 8375 8377
7425 8950 8949 8667 8668
7700 9232 9231 8949 8950
7975 9514 9513 9231 9232
8250 9796 9795 9513 9514
8525 10078 10077 9795 9796
8800 10360 10359 10077 10078
9075 10642 10641 10359 10360
9350 10924 10923 10641 10642
9625 11206 11205 10923 10924
9900 11488 11487 11205 11206
10175 11770 11769 11487 11488
10450 12052 12051 11769 11770
10725 12334 12333 12051 12052
11000 12616 12615 12333 12334
11275 12898 12897 12615 12616
11550 13180 13179 12897 12898
11825 13462 13461 13179 13180
12100 13744 13743 13461 13462
12375 14026 14025 13743 13744
6874 8375 8373 8374 8376
7149 8667 8666 8373 8375
7424 8949 8948 8666 8667
7699 9231 9230 8948 8949
7974 9513 9512 9230 9231
8249 9795 9794 9512 9513
8524 10077 10076 9794 9795
8799 10359 10358 10076 10077
9074 10641 10640 10358 10359
9349 10923 10922 10640 10641
9624 11205 11204 10922 10923
9899 11487 11486 11204 11205
10174 11769 11768 11486 11487
10449 12051 12050 11768 11769
10724 12333 12332 12050 12051
10999 12615 12614 12332 12333
11274 12897 12896 12614 12615
11549 13179 13178 12896 12897
11824 13461 13460 13178 13179
12099 13743 13742 13460 13461
12374 14025 14024 13742 13743
6873 8373 8371 8372 8374
7148 8666 8665 8371 8373
7423 8948 8947 8665 8666
7698 9230 9229 8947 8948
7973 9512 9511 9229 9230
8248 9794 9793 9511 9512
8523 10076 10075 9793 9794
8798 10358 10357 10075 10076
9073 10640 10639 10357 10358
9348 10922 10921 10639 10640
9623 11204 11203 10921 10922
9898 11486 11485 11203 11204
10173 11768 11767 11485 11486
10448 12050 12049 11767 11768
10723 12332 12331 12049 12050
10998 12614 12613 12331 12332
11273 12896 12895 12613 12614
11548 13178 13177 12895 12896
11823 13460 13459 13177 13178
12098 13742 13741 13459 13460
12373 14024 14023 13741 13742
6872 8371 8369 8370 8372
7147 8665 8664 8369 8371
7422 8947 8946 8664 8665
7697 9229 9228 8946 8947
7972 9511 9510 9228 9229
8247 9793 9792 9510 9511
8522 10075 10074 9792 9793
8797 10357 10356 10074 10075
9072 10639 10638 10356 10357
9347 10921 10920 10638 10639
9622 11203 11202 10920 10921
9897 11485 11484 11202 11203
10172 11767 11766 11484 11485
10447 12049 12048 11766 11767
10722 12331 12330 12048 12049
10997 12613 12612 12330 12331
11272 12895 12894 12612 12613
11547 13177 13176 12894 12895
11822 13459 13458 13176 13177
12097 13741 13740 13458 13459
12372 14023 14022 13740 13741
6871 8369 8367 8368 8370
7146 8664 8663 8367 8369
7421 8946 8945 8663 8664
7696 9228 9227 8945 8946
7971 9510 9509 9227 9228
8246 9792 9791 9509 9510
8521 10074 10073 9791 9792
8796 10356 10355 10073 10074
9071 10638 10637 10355 10356
9346 10920 10919 10637 10638
9621 11202 11201 10919 10920
9896 11484 11483 11201 11202
10171 11766 11765 11483 11484
10446 12048 12047 11765 11766
10721 12330 12329 12047 12048
10996 12612 12611 12329 12330
11271 12894 12893 12611 12612
11546 13176 13175 12893 12894
11821 13458 13457 13175 13176
12096 13740 13739 13457 13458
12371 14022 14021 13739 13740
6870 8367 8365 8366 8368
7145 8663 8662 8365 8367
7420 8945 8944 8662 8663
7695 9227 9226 8944 8945
7970 9509 9508 9226 9227
8245 9791 9790 9508 9509
8520 10073 10072 9790 9791
8795 10355 10354 10072 10073
9070 10637 10636 10354 10355
9345 10919 10918 10636 10637
9620 11201 11200 10918 10919
9895 11483 11482 11200 11201
10170 11765 11764 11482 11483
10445 12047 12046 11764 11765
10720 12329 12328 12046 12047
10995 12611 12610 12328 12329
11270 12893 12892 12610 12611
11545 13175 13174 12892 12893
11820 13457 13456 13174 13175
12095 13739 13738 13456 13457
12370 14021 14020 13738 13739
6869 8365 8363 8364 8366
7144 8662 8661 8363 8365
7419 8944 8943 8661 8662
7694 9226 9225 8943 8944
7969 9508 9507 9225 9226
8244 9790 9789 9507 9508
8519 10072 10071 9789 9790
8794 10354 10353 10071 10072
9069 10636 10635 10353 10354
9344 10918 10917 10635 10636
9619 11200 11199 10917 10918
9894 11482 11481 11199 11200
10169 11764 11763 11481 11482
10444 12046 12045 11763 11764
10719 12328 12327 12045 12046
10994 12610 12609 12327 12328
11269 12892 12891 12609 12610
11544 13174 13173 12891 12892
11819 13456 13455 13173 13174
12094 13738 13737 13455 13456
12369 14020 14019 13737 13738
6868 8363 8361 8362 8364
7143 8661 8660 8361 8363
7418 8943 8942 8660 8661
7693 9225 9224 8942 8943
7968 9507 9506 9224 9225
8243 9789 9788 9506 9507
8518 10071 10070 9788 9789
8793 10353 10352 10070 10071
9068 10635 10634 10352 10353
9343 10917 10916 10634 10635
9618 11199 11198 10916 10917
9893 11481 11480 11198 11199
10168 11763 11762 11480 11481
10443 12045 12044 11762 11763
10718 12327 12326 12044 12045
10993 12609 12608 12326 12327
11268 12891 12890 12608 12609
11543 13173 13172 12890 12891
11818 13455 13454 13172 13173
12093 13737 13736 13454 13455
12368 14019 14018 13736 13737
6867 8361 8359 8360 8362
7142 8660 8659 8359 8361
7417 8942 8941 8659 8660
7692 9224 9223 8941 8942
7967 9506 9505 9223 9224
8242 9788 9787 9505 9506
8517 10070 10069 9787 9788
8792 10352 10351 10069 10070
9067 10634 10633 10351 10352
9342 10916 10915 10633 10634
9617 11198 11197 10915 10916
9892 11480 11479 11197 11198
10167 11762 11761 11479 11480
10442 12044 12043 11761 11762
10717 12326 12325 12043 12044
10992 12608 12607 12325 12326
11267 12890 12889 12607 12608
11542 13172 13171 12889 12890
11817 13454 13453 13171 13172
12092 13736 13735 13453 13454
12367 14018 14017 13735 13736
6866 8359 8357 8358 8360
7141 8659 8658 8357 8359
7416 8941 8940 8658 8659
7691 9223 9222 8940 8941
7966 9505 9504 9222 9223
8241 9787 9786 9504 9505
8516 10069 10068 9786 9787
8791 10351 10350 10068 10069
9066 10633 10632 10350 10351
9341 10915 10914 10632 10633
9616 11197 11196 10914 10915
9891 11479 11478 11196 11197
10166 11761 11760 11478 11479
10441 12043 12042 11760 11761
10716 12325 12324 12042 12043
10991 12607 12606 12324 12325
11266 12889 12888 12606 12607
11541 13171 13170 12888 12889
11816 13453 13452 13170 13171
12091 13735 13734 13452 13453
12366 14017 14016 13734 13735
6865 8357 8355 8356 8358
7140 8658 8657 8355 8357
7415 8940 8939 8657 8658
7690 9222 9221 8939 8940
7965 9504 9503 9221 9222
8240 9786 9785 9503 9504
8515 10068 10067 9785 9786
8790 10350 10349 10067 10068
9065 10632 10631 10349 10350
9340 10914 10913 10631 10632
9615 11196 11195 10913 10914
9890 11478 11477 11195 11196
10165 11760 11759 11477 11478
10440 12042 12041 11759 11760
10715 12324 12323 12041 12042
10990 12606 12605 12323 12324
11265 12888 12887 12605 12606
11540 13170 13169 12887 12888
11815 13452 13451 13169 13170
12090 13734 13733 13451 13452
12365 14016 14015 13733 13734
6864 8355 8353 8354 8356
7139 8657 8656 8353 8355
7414 8939 8938 8656 8657
7689 9221 9220 8938 8939
7964 9503 9502 9220 9221
8239 9785 9784 9502 9503
8514 10067 10066 9784 9785
8789 10349 10348 10066 10067
9064 10631 10630 10348 10349
9339 10913 10912 10630 10631
9614 11195 11194 10912 10913
9889 11477 11476 11194 11195
10164 11759 11758 11476 11477
10439 12041 12040 11758 11759
10714 12323 12322 12040 12041
10989 12605 12604 12322 12323
11264 12887 12886 12604 12605
11539 13169 13168 12886 12887
11814 13451 13450 13168 13169
12089 13733 13732 13450 13451
12364 14015 14014 13732 13733
6863 8353 8351 8352 8354
7138 8656 8655 8351 8353
7413 8938 8937 8655 8656
7688 9220 9219 8937 8938
7963 9502 9501 9219 9220
8238 9784 9783 9501 9502
8513 10066 10065 9783 9784
8788 10348 10347 10065 10066
9063 10630 10629 10347 10348
9338 10912 10911 10629 10630
9613 11194 11193 10911 10912
9888 11476 11475 11193 11194
10163 11758 11757 11475 11476
10438 12040 12039 11757 11758
10713 12322 12321 12039 12040
10988 12604 12603 12321 12322
11263 12886 12885 12603 12604
11538 13168 13167 12885 12886
11813 13450 13449 13167 13168
12088 13732 13731 13449 13450
12363 14014 14013 13731 13732
6862 8351 8349 8350 8352
7137 8655 8654 8349 8351
7412 8937 8936 8654 8655
7687 9219 9218 8936 8937
7962 9501 9500 9218 9219
8237 9783 9782 9500 9501
8512 10065 10064 9782 9783
8787 10347 10346 10064 10065
9062 10629 10628 10346 10347
9337 10911 10910 10628 10629
9612 11193 11192 10910 10911
9887 11475 11474 11192 11193
10162 11757 11756 11474 11475
10437 12039 12038 11756 11757
10712 12321 12320 12038 12039
10987 12603 12602 12320 12321
11262 12885 12884 12602 12603
11537 13167 13166 12884 12885
11812 13449 13448 13166 13167
12087 13731 13730 13448 13449
12362 14013 14012 13730 13731
6861 8349 8347 8348 8350
7136 8654 8653 8347 8349
7411 8936 8935 8653 8654
7686 9218 9217 8935 8936
7961 9500 9499 9217 9218
8236 9782 9781 9499 9500
8511 10064 10063 9781 9782
8786 10346 10345 10063 10064
9061 10628 10627 10345 10346
9336 10910 10909 10627 10628
9611 11192 11191 10909 10910
9886 11474 11473 11191 11192
10161 11756 11755 11473 11474
10436 12038 12037 11755 11756
10711 12320 12319 12037 12038
10986 12602 12601 12319 12320
11261 12884 12883 12601 12602
11536 13166 13165 12883 12884
11811 13448 13447 13165 13166
12086 13730 13729 13447 13448
12361 14012 14011 13729 13730
6860 8347 8345 8346 8348
7135 8653 8652 8345 8347
7410 8935 8934 8652 8653
7685 9217 9216 8934 8935
7960 9499 9498 9216 9217
8235 9781 9780 9498 9499
8510 10063 10062 9780 9781
8785 10345 10344 10062 10063
9060 10627 10626 10344 10345
9335 10909 10908 10626 10627
9610 11191 11190 10908 10909
9885 11473 11472 11190 11191
10160 11755 11754 11472 11473
10435 12037 12036 11754 11755
10710 12319 12318 12036 12037
10985 12601 12600 12318 12319
11260 12883 12882 12600 12601
11535 13165 13164 12882 12883
11810 13447 13446 13164 13165
12085 13729 13728 13446 13447
12360 14011 14010 13728 13729
6859 8345 8343 8344 8346
7134 8652 8651 8343 8345
7409 8934 8933 8651 8652
7684 9216 9215 8933 8934
7959 9498 9497 9215 9216
8234 9780 9779 9497 9498
8509 10062 10061 9779 9780
8784 10344 10343 10061 10062
9059 10626 10625 10343 10344
9334 10908 10907 10625 10626
9609 11190 11189 10907 10908
9884 11472 11471 11189 11190
10159 11754 11753 11471 11472
10434 12036 12035 11753 11754
10709 12318 12317 12035 12036
10984 12600 12599 12317 12318
11259 12882 12881 12599 12600
11534 13164 13163 12881 12882
11809 13446 13445 13163 13164
12084 13728 13727 13445 13446
12359 14010 14009 13727 13728
6858 8343 8341 8342 8344
7133 8651 8650 8341 8343
7408 8933 8932 8650 8651
7683 9215 9214 8932 8933
7958 9497 9496 9214 9215
8233 9779 9778 9496 9497
8508 10061 10060 9778 9779
8783 10343 10342 10060 10061
9058 10625 10624 10342 10343
9333 10907 10906 10624 10625
9608 11189 11188 10906 10907
9883 11471 11470 11188 11189
10158 11753 11752 11470 11471
10433 12035 12034 11752 11753
10708 12317 12316 12034 12035
10983 12599 12598 12316 12317
11258 12881 12880 12598 12599
11533 13163 13162 12880 12881
11808 13445 13444 13162 13163
12083 13727 13726 13444 13445
12358 14009 14008 13726 13727
6857 8341 8339 8340 8342
7132 8650 8649 8339 8341
7407 8932 8931 8649 8650
7682 9214 9213 8931 8932
7957 9496 9495 9213 9214
8232 9778 9777 9495 9496
8507 10060 10059 9777 9778
8782 10342 10341 10059 10060
9057 10624 10623 10341 10342
9332 10906 10905 10623 10624
9607 11188 11187 10905 10906
9882 11470 11469 11187 11188
10157 11752 11751 11469 11470
10432 12034 12033 11751 11752
10707 12316 12315 12033 12034
10982 12598 12597 12315 12316
11257 12880 12879 12597 12598
11532 13162 13161 12879 12880
11807 13444 13443 13161 13162
12082 13726 13725 13443 13444
12357 14008 14007 13725 13726
6856 8339 8335 8337 8340
7131 8649 8647 8335 8339
7406 8931 8929 8647 8649
7681 9213 9211 8929 8931
7956 9495 9493 9211 9213
8231 9777 9775 9493 9495
8506 10059 10057 9775 9777
8781 10341 10339 10057 10059
9056 10623 10621 10339 10341
9331 10905 10903 10621 10623
9606 11187 11185 10903 10905
9881 11469 11467 11185 11187
10156 11751 11749 11467 11469
10431 12033 12031 11749 11751
10706 12315 12313 12031 12033
10981 12597 12595 12313 12315
11256 12879 12877 12595 12597
11531 13161 13159 12877 12879
11806 13443 13441 13159 13161
12081 13725 13723 13441 13443
12356 14007 14005 13723 13725
6855 8335 8336 8338 8337
7130 8647 8648 8336 8335
7405 8929 8930 8648 8647
7680 9211 9212 8930 8929
7955 9493 9494 9212 9211
8230 9775 9776 9494 9493
8505 10057 10058 9776 9775
8780 10339 10340 10058 10057
9055 10621 10622 10340 10339
9330 10903 10904 10622 10621
9605 11185 11186 10904 10903
9880 11467 11468 11186 11185
10155 11749 11750 11468 11467
10430 12031 12032 11750 11749
10705 12313 12314 12032 12031
10980 12595 12596 12314 12313
11255 12877 12878 12596 12595
11530 13159 13160 12878 12877
11805 13441 13442 13160 13159
12080 13723 13724 13442 13441
12355 14005 14006 13724 13723
