600
7177 8501 8226 8183 8458
6937 8226 7951 7908 8183
6697 7951 7676 7633 7908
6457 7676 7401 7358 7633
6217 7401 7126 7083 7358
5977 7126 6851 6808 7083
5737 6851 6576 6533 6808
5497 6576 6301 6258 6533
5257 6301 6026 5983 6258
5017 6026 5751 5708 5983
4777 5751 5476 5433 5708
4537 5476 5201 5158 5433
4297 5201 4926 4883 5158
4057 4926 4651 4608 4883
3817 4651 4376 4333 4608
3577 4376 4101 4058 4333
3337 4101 3826 3783 4058
3097 3826 3551 3508 3783
2857 3551 3276 3233 3508
2617 3276 3001 2958 3233
2377 3001 2726 2683 2958
2137 2726 2451 2408 2683
1897 2451 2176 2133 2408
1657 2176 1901 1858 2133
1417 1901 1626 1583 1858
1177 1626 1351 1308 1583
937 1351 1076 1033 1308
697 1076 801 758 1033
457 801 501 414 758
217 501 502 416 414
7137 8457 8458 8183 8182
6897 8182 8183 7908 7907
6657 7907 7908 7633 7632
6417 7632 7633 7358 7357
6177 7357 7358 7083 7082
5937 7082 7083 6808 6807
5697 6807 6808 6533 6532
5457 6532 6533 6258 6257
5217 6257 6258 5983 5982
4977 5982 5983 5708 5707
4737 5707 5708 5433 5432
4497 5432 5433 5158 5157
4257 5157 5158 4883 4882
4017 4882 4883 4608 4607
3777 4607 4608 4333 4332
3537 4332 4333 4058 4057
3297 4057 4058 3783 3782
3057 3782 3783 3508 3507
2817 3507 3508 3233 3232
2577 3232 3233 2958 2957
2337 2957 2958 2683 2682
2097 2682 2683 2408 2407
1857 2407 2408 2133 2132
1617 2132 2133 1858 1857
1377 1857 1858 1583 1582
1137 1582 1583 1308 1307
897 1307 1308 1033 1032
657 1032 1033 758 757
417 757 758 414 413
177 413 414 416 415
7138 8459 8457 8182 8184
6898 8184 8182 7907 7909
6658 7909 7907 7632 7634
6418 7634 7632 7357 7359
6178 7359 7357 7082 7084
5938 7084 7082 6807 6809
5698 6809 6807 6532 6534
5458 6534 6532 6257 6259
5218 6259 6257 5982 5984
4978 5984 5982 5707 5709
4738 5709 5707 5432 5434
4498 5434 5432 5157 5159
4258 5159 5157 4882 4884
4018 4884 4882 4607 4609
3778 4609 4607 4332 4334
3538 4334 4332 4057 4059
3298 4059 4057 3782 3784
3058 3784 3782 3507 3509
2818 3509 3507 3232 3234
2578 3234 3232 2957 2959
2338 2959 2957 2682 2684
2098 2684 2682 2407 2409
1858 2409 2407 2132 2134
1618 2134 2132 1857 1859
1378 1859 1857 1582 1584
1138 1584 1582 1307 1309
898 1309 1307 1032 1034
658 1034 1032 757 759
418 759 757 413 417
178 417 413 415 418
7139 8460 8459 8184 8185
6899 8185 8184 7909 7910
6659 7910 7909 7634 7635
6419 7635 7634 7359 7360
6179 7360 7359 7084 7085
5939 7085 7084 6809 6810
5699 6810 6809 6534 6535
5459 6535 6534 6259 6260
5219 6260 6259 5984 5985
4979 5985 5984 5709 5710
4739 5710 5709 5434 5435
4499 5435 5434 5159 5160
4259 5160 5159 4884 4885
4019 4885 4884 4609 4610
3779 4610 4609 4334 4335
3539 4335 4334 4059 4060
3299 4060 4059 3784 3785
3059 3785 3784 3509 3510
2819 3510 3509 3234 3235
2579 3235 3234 2959 2960
2339 2960 2959 2684 2685
2099 2685 2684 2409 2410
1859 2410 2409 2134 2135
1619 2135 2134 1859 1860
1379 1860 1859 1584 1585
1139 1585 1584 1309 1310
899 1310 1309 1034 1035
659 1035 1034 759 760
419 760 759 417 419
179 419 417 418 420
7140 8461 8460 8185 8186
6900 8186 8185 7910 7911
6660 7911 7910 7635 7636
6420 7636 7635 7360 7361
6180 7361 7360 7085 7086
5940 7086 7085 6810 6811
5700 6811 6810 6535 6536
5460 6536 6535 6260 6261
5220 6261 6260 5985 5986
4980 5986 5985 5710 5711
4740 5711 5710 5435 5436
4500 5436 5435 5160 5161
4260 5161 5160 4885 4886
4020 4886 4885 4610 4611
3780 4611 4610 4335 4336
3540 4336 4335 4060 4061
3300 4061 4060 3785 3786
3060 3786 3785 3510 3511
2820 3511 3510 3235 3236
2580 3236 3235 2960 2961
2340 2961 2960 2685 2686
2100 2686 2685 2410 2411
1860 2411 2410 2135 2136
1620 2136 2135 1860 1861
1380 1861 1860 1585 1586
1140 1586 1585 1310 1311
900 1311 1310 1035 1036
660 1036 1035 760 761
420 761 760 419 421
180 421 419 420 422
7141 8462 8461 8186 8187
6901 8187 8186 7911 7912
6661 7912 7911 7636 7637
6421 7637 7636 7361 7362
6181 7362 7361 7086 7087
5941 7087 7086 6811 6812
5701 6812 6811 6536 6537
5461 6537 6536 6261 6262
5221 6262 6261 5986 5987
4981 5987 5986 5711 5712
4741 5712 5711 5436 5437
4501 5437 5436 5161 5162
4261 5162 5161 4886 4887
4021 4887 4886 4611 4612
3781 4612 4611 4336 4337
3541 4337 4336 4061 4062
3301 4062 4061 3786 3787
3061 3787 3786 3511 3512
2821 3512 3511 3236 3237
2581 3237 3236 2961 2962
2341 2962 2961 2686 2687
2101 2687 2686 2411 2412
1861 2412 2411 2136 2137
1621 2137 2136 1861 1862
1381 1862 1861 1586 1587
1141 1587 1586 1311 1312
901 1312 1311 1036 1037
661 1037 1036 761 762
421 762 761 421 423
181 423 421 422 424
7142 8463 8462 8187 8188
6902 8188 8187 7912 7913
6662 7913 7912 7637 7638
6422 7638 7637 7362 7363
6182 7363 7362 7087 7088
5942 7088 7087 6812 6813
5702 6813 6812 6537 6538
5462 6538 6537 6262 6263
5222 6263 6262 5987 5988
4982 5988 5987 5712 5713
4742 5713 5712 5437 5438
4502 5438 5437 5162 5163
4262 5163 5162 4887 4888
4022 4888 4887 4612 4613
3782 4613 4612 4337 4338
3542 4338 4337 4062 4063
3302 4063 4062 3787 3788
3062 3788 3787 3512 3513
2822 3513 3512 3237 3238
2582 3238 3237 2962 2963
2342 2963 2962 2687 2688
2102 2688 2687 2412 2413
1862 2413 2412 2137 2138
1622 2138 2137 1862 1863
1382 1863 1862 1587 1588
1142 1588 1587 1312 1313
902 1313 1312 1037 1038
662 1038 1037 762 763
422 763 762 423 425
182 425 423 424 426
7143 8464 8463 8188 8189
6903 8189 8188 7913 7914
6663 7914 7913 7638 7639
6423 7639 7638 7363 7364
6183 7364 7363 7088 7089
5943 7089 7088 6813 6814
5703 6814 6813 6538 6539
5463 6539 6538 6263 6264
5223 6264 6263 5988 5989
4983 5989 5988 5713 5714
4743 5714 5713 5438 5439
4503 5439 5438 5163 5164
4263 5164 5163 4888 4889
4023 4889 4888 4613 4614
3783 4614 4613 4338 4339
3543 4339 4338 4063 4064
3303 4064 4063 3788 3789
3063 3789 3788 3513 3514
2823 3514 3513 3238 3239
2583 3239 3238 2963 2964
2343 2964 2963 2688 2689
2103 2689 2688 2413 2414
1863 2414 2413 2138 2139
1623 2139 2138 1863 1864
1383 1864 1863 1588 1589
1143 1589 1588 1313 1314
903 1314 1313 1038 1039
663 1039 1038 763 764
423 764 763 425 427
183 427 425 426 428
7144 8465 8464 8189 8190
6904 8190 8189 7914 7915
6664 7915 7914 7639 7640
6424 7640 7639 7364 7365
6184 7365 7364 7089 7090
5944 7090 7089 6814 6815
5704 6815 6814 6539 6540
5464 6540 6539 6264 6265
5224 6265 6264 5989 5990
4984 5990 5989 5714 5715
4744 5715 5714 5439 5440
4504 5440 5439 5164 5165
4264 5165 5164 4889 4890
4024 4890 4889 4614 4615
3784 4615 4614 4339 4340
3544 4340 4339 4064 4065
3304 4065 4064 3789 3790
3064 3790 3789 3514 3515
2824 3515 3514 3239 3240
2584 3240 3239 2964 2965
2344 2965 2964 2689 2690
2104 2690 2689 2414 2415
1864 2415 2414 2139 2140
1624 2140 2139 1864 1865
1384 1865 1864 1589 1590
1144 1590 1589 1314 1315
904 1315 1314 1039 1040
664 1040 1039 764 765
424 765 764 427 429
184 429 427 428 430
7145 8466 8465 8190 8191
6905 8191 8190 7915 7916
6665 7916 7915 7640 7641
6425 7641 7640 7365 7366
6185 7366 7365 7090 7091
5945 7091 7090 6815 6816
5705 6816 6815 6540 6541
5465 6541 6540 6265 6266
5225 6266 6265 5990 5991
4985 5991 5990 5715 5716
4745 5716 5715 5440 5441
4505 5441 5440 5165 5166
4265 5166 5165 4890 4891
4025 4891 4890 4615 4616
3785 4616 4615 4340 4341
3545 4341 4340 4065 4066
3305 4066 4065 3790 3791
3065 3791 3790 3515 3516
2825 3516 3515 3240 3241
2585 3241 3240 2965 2966
2345 2966 2965 2690 2691
2105 2691 2690 2415 2416
1865 2416 2415 2140 2141
1625 2141 2140 1865 1866
1385 1866 1865 1590 1591
1145 1591 1590 1315 1316
905 1316 1315 1040 1041
665 1041 1040 765 766
425 766 765 429 431
185 431 429 430 432
7146 8467 8466 8191 8192
6906 8192 8191 7916 7917
6666 7917 7916 7641 7642
6426 7642 7641 7366 7367
6186 7367 7366 7091 7092
5946 7092 7091 6816 6817
5706 6817 6816 6541 6542
5466 6542 6541 6266 6267
5226 6267 6266 5991 5992
4986 5992 5991 5716 5717
4746 5717 5716 5441 5442
4506 5442 5441 5166 5167
4266 5167 5166 4891 4892
4026 4892 4891 4616 4617
3786 4617 4616 4341 4342
3546 4342 4341 4066 4067
3306 4067 4066 3791 3792
3066 3792 3791 3516 3517
2826 3517 3516 3241 3242
2586 3242 3241 2966 2967
2346 2967 2966 2691 2692
2106 2692 2691 2416 2417
1866 2417 2416 2141 2142
1626 2142 2141 1866 1867
1386 1867 1866 1591 1592
1146 1592 1591 1316 1317
906 1317 1316 1041 1042
666 1042 1041 766 767
426 767 766 431 433
186 433 431 432 434
7147 8468 8467 8192 8193
6907 8193 8192 7917 7918
6667 7918 7917 7642 7643
6427 7643 7642 7367 7368
6187 7368 7367 7092 7093
5947 7093 7092 6817 6818
5707 6818 6817 6542 6543
5467 6543 6542 6267 6268
5227 6268 6267 5992 5993
4987 5993 5992 5717 5718
4747 5718 5717 5442 5443
4507 5443 5442 5167 5168
4267 5168 5167 4892 4893
4027 4893 4892 4617 4618
3787 4618 4617 4342 4343
3547 4343 4342 4067 4068
3307 4068 4067 3792 3793
3067 3793 3792 3517 3518
2827 3518 3517 3242 3243
2587 3243 3242 2967 2968
2347 2968 2967 2692 2693
2107 2693 2692 2417 2418
1867 2418 2417 2142 2143
1627 2143 2142 1867 1868
1387 1868 1867 1592 1593
1147 1593 1592 1317 1318
907 1318 1317 1042 1043
667 1043 1042 767 768
427 768 767 433 435
187 435 433 434 436
7148 8469 8468 8193 8194
6908 8194 8193 7918 7919
6668 7919 7918 7643 7644
6428 7644 7643 7368 7369
6188 7369 7368 7093 7094
5948 7094 7093 6818 6819
5708 6819 6818 6543 6544
5468 6544 6543 6268 6269
5228 6269 6268 5993 5994
4988 5994 5993 5718 5719
4748 5719 5718 5443 5444
4508 5444 5443 5168 5169
4268 5169 5168 4893 4894
4028 4894 4893 4618 4619
3788 4619 4618 4343 4344
3548 4344 4343 4068 4069
3308 4069 4068 3793 3794
3068 3794 3793 3518 3519
2828 3519 3518 3243 3244
2588 3244 3243 2968 2969
2348 2969 2968 2693 2694
2108 2694 2693 2418 2419
1868 2419 2418 2143 2144
1628 2144 2143 1868 1869
1388 1869 1868 1593 1594
1148 1594 1593 1318 1319
908 1319 1318 1043 1044
668 1044 1043 768 769
428 769 768 435 437
188 437 435 436 438
7149 8470 8469 8194 8195
6909 8195 8194 7919 7920
6669 7920 7919 7644 7645
6429 7645 7644 7369 7370
6189 7370 7369 7094 7095
5949 7095 7094 6819 6820
5709 6820 6819 6544 6545
5469 6545 6544 6269 6270
5229 6270 6269 5994 5995
4989 5995 5994 5719 5720
4749 5720 5719 5444 5445
4509 5445 5444 5169 5170
4269 5170 5169 4894 4895
4029 4895 4894 4619 4620
3789 4620 4619 4344 4345
3549 4345 4344 4069 4070
3309 4070 4069 3794 3795
3069 3795 3794 3519 3520
2829 3520 3519 3244 3245
2589 3245 3244 2969 2970
2349 2970 2969 2694 2695
2109 2695 2694 2419 2420
1869 2420 2419 2144 2145
1629 2145 2144 1869 1870
1389 1870 1869 1594 1595
1149 1595 1594 1319 1320
909 1320 1319 1044 1045
669 1045 1044 769 770
429 770 769 437 439
189 439 437 438 440
7150 8471 8470 8195 8196
6910 8196 8195 7920 7921
6670 7921 7920 7645 7646
6430 7646 7645 7370 7371
6190 7371 7370 7095 7096
5950 7096 7095 6820 6821
5710 6821 6820 6545 6546
5470 6546 6545 6270 6271
5230 6271 6270 5995 5996
4990 5996 5995 5720 5721
4750 5721 5720 5445 5446
4510 5446 5445 5170 5171
4270 5171 5170 4895 4896
4030 4896 4895 4620 4621
3790 4621 4620 4345 4346
3550 4346 4345 4070 4071
3310 4071 4070 3795 3796
3070 3796 3795 3520 3521
2830 3521 3520 3245 3246
2590 3246 3245 2970 2971
2350 2971 2970 2695 2696
2110 2696 2695 2420 2421
1870 2421 2420 2145 2146
1630 2146 2145 1870 1871
1390 1871 1870 1595 1596
1150 1596 1595 1320 1321
910 1321 1320 1045 1046
670 1046 1045 770 771
430 771 770 439 441
190 441 439 440 442
7151 8472 8471 8196 8197
6911 8197 8196 7921 7922
6671 7922 7921 7646 7647
6431 7647 7646 7371 7372
6191 7372 7371 7096 7097
5951 7097 7096 6821 6822
5711 6822 6821 6546 6547
5471 6547 6546 6271 6272
5231 6272 6271 5996 5997
4991 5997 5996 5721 5722
4751 5722 5721 5446 5447
4511 5447 5446 5171 5172
4271 5172 5171 4896 4897
4031 4897 4896 4621 4622
3791 4622 4621 4346 4347
3551 4347 4346 4071 4072
3311 4072 4071 3796 3797
3071 3797 3796 3521 3522
2831 3522 3521 3246 3247
2591 3247 3246 2971 2972
2351 2972 2971 2696 2697
2111 2697 2696 2421 2422
1871 2422 2421 2146 2147
1631 2147 2146 1871 1872
1391 1872 1871 1596 1597
1151 1597 1596 1321 1322
911 1322 1321 1046 1047
671 1047 1046 771 772
431 772 771 441 443
191 443 441 442 444
7152 8473 8472 8197 8198
6912 8198 8197 7922 7923
6672 7923 7922 7647 7648
6432 7648 7647 7372 7373
6192 7373 7372 7097 7098
5952 7098 7097 6822 6823
5712 6823 6822 6547 6548
5472 6548 6547 6272 6273
5232 6273 6272 5997 5998
4992 5998 5997 5722 5723
4752 5723 5722 5447 5448
4512 5448 5447 5172 5173
4272 5173 5172 4897 4898
4032 4898 4897 4622 4623
3792 4623 4622 4347 4348
3552 4348 4347 4072 4073
3312 4073 4072 3797 3798
3072 3798 3797 3522 3523
2832 3523 3522 3247 3248
2592 3248 3247 2972 2973
2352 2973 2972 2697 2698
2112 2698 2697 2422 2423
1872 2423 2422 2147 2148
1632 2148 2147 1872 1873
1392 1873 1872 1597 1598
1152 1598 1597 1322 1323
912 1323 1322 1047 1048
672 1048 1047 772 773
432 773 772 443 445
192 445 443 444 446
7153 8474 8473 8198 8199
6913 8199 8198 7923 7924
6673 7924 7923 7648 7649
6433 7649 7648 7373 7374
6193 7374 7373 7098 7099
5953 7099 7098 6823 6824
5713 6824 6823 6548 6549
5473 6549 6548 6273 6274
5233 6274 6273 5998 5999
4993 5999 5998 5723 5724
4753 5724 5723 5448 5449
4513 5449 5448 5173 5174
4273 5174 5173 4898 4899
4033 4899 4898 4623 4624
3793 4624 4623 4348 4349
3553 4349 4348 4073 4074
3313 4074 4073 3798 3799
3073 3799 3798 3523 3524
2833 3524 3523 3248 3249
2593 3249 3248 2973 2974
2353 2974 2973 2698 2699
2113 2699 2698 2423 2424
1873 2424 2423 2148 2149
1633 2149 2148 1873 1874
1393 1874 1873 1598 1599
1153 1599 1598 1323 1324
913 1324 1323 1048 1049
673 1049 1048 773 774
433 774 773 445 447
193 447 445 446 448
7154 8475 8474 8199 8200
6914 8200 8199 7924 7925
6674 7925 7924 7649 7650
6434 7650 7649 7374 7375
6194 7375 7374 7099 7100
5954 7100 7099 6824 6825
5714 6825 6824 6549 6550
5474 6550 6549 6274 6275
5234 6275 6274 5999 6000
4994 6000 5999 5724 5725
4754 5725 5724 5449 5450
4514 5450 5449 5174 5175
4274 5175 5174 4899 4900
4034 4900 4899 4624 4625
3794 4625 4624 4349 4350
3554 4350 4349 4074 4075
3314 4075 4074 3799 3800
3074 3800 3799 3524 3525
2834 3525 3524 3249 3250
2594 3250 3249 2974 2975
2354 2975 2974 2699 2700
2114 2700 2699 2424 2425
1874 2425 2424 2149 2150
1634 2150 2149 1874 1875
1394 1875 1874 1599 1600
1154 1600 1599 1324 1325
914 1325 1324 1049 1050
674 1050 1049 774 775
434 775 774 447 449
194 449 447 448 450
7155 8477 8475 8200 8202
6915 8202 8200 7925 7927
6675 7927 7925 7650 7652
6435 7652 7650 7375 7377
6195 7377 7375 7100 7102
5955 7102 7100 6825 6827
5715 6827 6825 6550 6552
5475 6552 6550 6275 6277
5235 6277 6275 6000 6002
4995 6002 6000 5725 5727
4755 5727 5725 5450 5452
4515 5452 5450 5175 5177
4275 5177 5175 4900 4902
4035 4902 4900 4625 4627
3795 4627 4625 4350 4352
3555 4352 4350 4075 4077
3315 4077 4075 3800 3802
3075 3802 3800 3525 3527
2835 3527 3525 3250 3252
2595 3252 3250 2975 2977
2355 2977 2975 2700 2702
2115 2702 2700 2425 2427
1875 2427 2425 2150 2152
1635 2152 2150 1875 1877
1395 1877 1875 1600 1602
1155 1602 1600 1325 1327
915 1327 1325 1050 1052
675 1052 1050 775 777
435 777 775 449 452
195 452 449 450 454
