240
240 550 548 400 488
239 548 546 396 400
238 546 544 394 396
237 544 542 392 394
236 542 540 390 392
235 540 538 388 390
234 538 536 386 388
233 536 534 384 386
232 534 532 382 384
231 532 530 380 382
230 530 528 378 380
229 528 526 376 378
228 526 524 374 376
227 524 522 372 374
226 522 520 370 372
225 520 518 368 370
224 518 516 366 368
223 516 514 364 366
222 514 512 362 364
221 512 510 359 362
220 510 508 360 359
219 508 505 484 360
218 505 506 483 484
217 502 500 412 416
216 500 498 410 412
215 498 496 408 410
214 496 494 406 408
213 494 492 404 406
212 492 490 402 404
211 490 487 399 402
210 487 488 400 399
209 483 480 360 484
208 480 478 356 360
207 478 476 354 356
206 476 474 352 354
205 474 472 350 352
204 472 470 348 350
203 470 468 346 348
202 468 466 344 346
201 466 464 342 344
200 464 462 340 342
199 462 460 338 340
198 460 458 336 338
197 458 456 333 336
196 456 453 334 333
195 453 454 450 334
194 450 448 330 334
193 448 446 328 330
192 446 444 326 328
191 444 442 324 326
190 442 440 322 324
189 440 438 320 322
188 438 436 318 320
187 436 434 316 318
186 434 432 314 316
185 432 430 312 314
184 430 428 310 312
183 428 426 308 310
182 426 424 306 308
181 424 422 304 306
180 422 420 302 304
179 420 418 299 302
178 418 415 300 299
177 415 416 412 300
176 412 410 258 300
175 410 408 256 258
174 408 406 254 256
173 406 404 251 254
172 404 402 252 251
171 402 399 296 252
170 399 400 396 296
169 396 394 294 296
168 394 392 292 294
167 392 390 290 292
166 390 388 288 290
165 388 386 286 288
164 386 384 284 286
163 384 382 282 284
162 382 380 280 282
161 380 378 278 280
160 378 376 276 278
159 376 374 274 276
158 374 372 272 274
157 372 370 270 272
156 370 368 268 270
155 368 366 266 268
154 366 364 264 266
153 364 362 261 264
152 362 359 262 261
151 359 360 356 262
150 356 354 247 262
149 354 352 244 247
148 352 350 242 244
147 350 348 240 242
146 348 346 238 240
145 346 344 236 238
144 344 342 234 236
143 342 340 232 234
142 340 338 230 232
141 338 336 227 230
140 336 333 228 227
139 333 334 330 228
138 330 328 224 228
137 328 326 222 224
136 326 324 220 222
135 324 322 218 220
134 322 320 216 218
133 320 318 214 216
132 318 316 212 214
131 316 314 210 212
130 314 312 208 210
129 312 310 206 208
128 310 308 204 206
127 308 306 202 204
126 306 304 200 202
125 304 302 197 200
124 302 299 198 197
123 299 300 258 198
122 296 294 194 252
121 294 292 192 194
120 292 290 190 192
119 290 288 188 190
118 288 286 186 188
117 286 284 184 186
116 284 282 182 184
115 282 280 180 182
114 280 278 178 180
113 278 276 176 178
112 276 274 174 176
111 274 272 172 174
110 272 270 170 172
109 270 268 168 170
108 268 266 165 168
107 266 264 166 165
106 264 261 248 166
105 261 262 247 248
104 258 256 122 198
103 256 254 117 122
102 254 251 118 117
101 251 252 194 118
100 247 244 166 248
99 244 242 162 166
98 242 240 160 162
97 240 238 158 160
96 238 236 156 158
95 236 234 154 156
94 234 232 152 154
93 232 230 149 152
92 230 227 150 149
91 227 228 224 150
90 224 222 146 150
89 222 220 144 146
88 220 218 142 144
87 218 216 140 142
86 216 214 138 140
85 214 212 136 138
84 212 210 134 136
83 210 208 132 134
82 208 206 130 132
81 206 204 128 130
80 204 202 126 128
79 202 200 124 126
78 200 197 121 124
77 197 198 122 121
76 194 192 113 118
75 192 190 109 113
74 190 188 105 109
73 188 186 102 105
72 186 184 100 102
71 184 182 98 100
70 182 180 96 98
69 180 178 94 96
68 178 176 92 94
67 176 174 90 92
66 174 172 88 90
65 172 170 86 88
64 170 168 83 86
63 168 165 84 83
62 165 166 162 84
61 162 160 60 84
60 160 158 58 60
59 158 156 56 58
58 156 154 53 56
57 154 152 54 53
56 152 149 80 54
55 149 150 146 80
54 146 144 78 80
53 144 142 76 78
52 142 140 74 76
51 140 138 72 74
50 138 136 70 72
49 136 134 68 70
48 134 132 66 68
47 132 130 63 66
46 130 128 64 63
45 128 126 106 64
44 126 124 110 106
43 124 121 114 110
42 121 122 117 114
41 117 118 113 114
40 113 109 110 114
39 109 105 106 110
38 105 102 64 106
37 102 100 25 64
36 100 98 26 25
35 98 96 40 26
34 96 94 35 40
33 94 92 31 35
32 92 90 7 31
31 90 88 8 7
30 88 86 20 8
29 86 83 19 20
28 83 84 60 19
27 80 78 50 54
26 78 76 48 50
25 76 74 46 48
24 74 72 44 46
23 72 70 42 44
22 70 68 39 42
21 68 66 27 39
20 66 63 28 27
19 63 64 25 28
18 60 58 15 19
17 58 56 11 15
16 56 53 12 11
15 53 54 50 12
14 50 48 6 12
13 48 46 32 6
12 46 44 36 32
11 44 42 35 36
10 42 39 40 35
9 39 27 26 40
8 35 31 32 36
7 31 7 6 32
6 25 26 27 28
5 8 20 16 5
4 19 15 16 20
3 15 11 5 16
2 5 11 12 6
1 5 6 7 8
