667
7516 9241 9238 9239 9243
7875 9628 9626 9238 9241
8234 10000 9998 9626 9628
8593 10372 10370 9998 10000
8952 10744 10742 10370 10372
9311 11116 11114 10742 10744
9670 11488 11486 11114 11116
10029 11860 11858 11486 11488
10388 12232 12230 11858 11860
10747 12604 12602 12230 12232
11106 12976 12974 12602 12604
11465 13348 13346 12974 12976
11824 13720 13718 13346 13348
12183 14092 14090 13718 13720
12542 14464 14462 14090 14092
12901 14836 14834 14462 14464
13260 15208 15206 14834 14836
13619 15580 15578 15206 15208
13978 15952 15950 15578 15580
14337 16324 16322 15950 15952
14696 16696 16694 16322 16324
15055 17068 17066 16694 16696
15414 17440 17438 17066 17068
7515 9238 9236 9237 9239
7874 9626 9625 9236 9238
8233 9998 9997 9625 9626
8592 10370 10369 9997 9998
8951 10742 10741 10369 10370
9310 11114 11113 10741 10742
9669 11486 11485 11113 11114
10028 11858 11857 11485 11486
10387 12230 12229 11857 11858
10746 12602 12601 12229 12230
11105 12974 12973 12601 12602
11464 13346 13345 12973 12974
11823 13718 13717 13345 13346
12182 14090 14089 13717 13718
12541 14462 14461 14089 14090
12900 14834 14833 14461 14462
13259 15206 15205 14833 14834
13618 15578 15577 15205 15206
13977 15950 15949 15577 15578
14336 16322 16321 15949 15950
14695 16694 16693 16321 16322
15054 17066 17065 16693 16694
15413 17438 17437 17065 17066
7514 9236 9234 9235 9237
7873 9625 9624 9234 9236
8232 9997 9996 9624 9625
8591 10369 10368 9996 9997
8950 10741 10740 10368 10369
9309 11113 11112 10740 10741
9668 11485 11484 11112 11113
10027 11857 11856 11484 11485
10386 12229 12228 11856 11857
10745 12601 12600 12228 12229
11104 12973 12972 12600 12601
11463 13345 13344 12972 12973
11822 13717 13716 13344 13345
12181 14089 14088 13716 13717
12540 14461 14460 14088 14089
12899 14833 14832 14460 14461
13258 15205 15204 14832 14833
13617 15577 15576 15204 15205
13976 15949 15948 15576 15577
14335 16321 16320 15948 15949
14694 16693 16692 16320 16321
15053 17065 17064 16692 16693
15412 17437 17436 17064 17065
7513 9234 9232 9233 9235
7872 9624 9623 9232 9234
8231 9996 9995 9623 9624
8590 10368 10367 9995 9996
8949 10740 10739 10367 10368
9308 11112 11111 10739 10740
9667 11484 11483 11111 11112
10026 11856 11855 11483 11484
10385 12228 12227 11855 11856
10744 12600 12599 12227 12228
11103 12972 12971 12599 12600
11462 13344 13343 12971 12972
11821 13716 13715 13343 13344
12180 14088 14087 13715 13716
12539 14460 14459 14087 14088
12898 14832 14831 14459 14460
13257 15204 15203 14831 14832
13616 15576 15575 15203 15204
13975 15948 15947 15575 15576
14334 16320 16319 15947 15948
14693 16692 16691 16319 16320
15052 17064 17063 16691 16692
15411 17436 17435 17063 17064
7512 9232 9230 9231 9233
7871 9623 9622 9230 9232
8230 9995 9994 9622 9623
8589 10367 10366 9994 9995
8948 10739 10738 10366 10367
9307 11111 11110 10738 10739
9666 11483 11482 11110 11111
10025 11855 11854 11482 11483
10384 12227 12226 11854 11855
10743 12599 12598 12226 12227
11102 12971 12970 12598 12599
11461 13343 13342 12970 12971
11820 13715 13714 13342 13343
12179 14087 14086 13714 13715
12538 14459 14458 14086 14087
12897 14831 14830 14458 14459
13256 15203 15202 14830 14831
13615 15575 15574 15202 15203
13974 15947 15946 15574 15575
14333 16319 16318 15946 15947
14692 16691 16690 16318 16319
15051 17063 17062 16690 16691
15410 17435 17434 17062 17063
7511 9230 9228 9229 9231
7870 9622 9621 9228 9230
8229 9994 9993 9621 9622
8588 10366 10365 9993 9994
8947 10738 10737 10365 10366
9306 11110 11109 10737 10738
9665 11482 11481 11109 11110
10024 11854 11853 11481 11482
10383 12226 12225 11853 11854
10742 12598 12597 12225 12226
11101 12970 12969 12597 12598
11460 13342 13341 12969 12970
11819 13714 13713 13341 13342
12178 14086 14085 13713 13714
12537 14458 14457 14085 14086
12896 14830 14829 14457 14458
13255 15202 15201 14829 14830
13614 15574 15573 15201 15202
13973 15946 15945 15573 15574
14332 16318 16317 15945 15946
14691 16690 16689 16317 16318
15050 17062 17061 16689 16690
15409 17434 17433 17061 17062
7510 9228 9226 9227 9229
7869 9621 9620 9226 9228
8228 9993 9992 9620 9621
8587 10365 10364 9992 9993
8946 10737 10736 10364 10365
9305 11109 11108 10736 10737
9664 11481 11480 11108 11109
10023 11853 11852 11480 11481
10382 12225 12224 11852 11853
10741 12597 12596 12224 12225
11100 12969 12968 12596 12597
11459 13341 13340 12968 12969
11818 13713 13712 13340 13341
12177 14085 14084 13712 13713
12536 14457 14456 14084 14085
12895 14829 14828 14456 14457
13254 15201 15200 14828 14829
13613 15573 15572 15200 15201
13972 15945 15944 15572 15573
14331 16317 16316 15944 15945
14690 16689 16688 16316 16317
15049 17061 17060 16688 16689
15408 17433 17432 17060 17061
7509 9226 9224 9225 9227
7868 9620 9619 9224 9226
8227 9992 9991 9619 9620
8586 10364 10363 9991 9992
8945 10736 10735 10363 10364
9304 11108 11107 10735 10736
9663 11480 11479 11107 11108
10022 11852 11851 11479 11480
10381 12224 12223 11851 11852
10740 12596 12595 12223 12224
11099 12968 12967 12595 12596
11458 13340 13339 12967 12968
11817 13712 13711 13339 13340
12176 14084 14083 13711 13712
12535 14456 14455 14083 14084
12894 14828 14827 14455 14456
13253 15200 15199 14827 14828
13612 15572 15571 15199 15200
13971 15944 15943 15571 15572
14330 16316 16315 15943 15944
14689 16688 16687 16315 16316
15048 17060 17059 16687 16688
15407 17432 17431 17059 17060
7508 9224 9222 9223 9225
7867 9619 9618 9222 9224
8226 9991 9990 9618 9619
8585 10363 10362 9990 9991
8944 10735 10734 10362 10363
9303 11107 11106 10734 10735
9662 11479 11478 11106 11107
10021 11851 11850 11478 11479
10380 12223 12222 11850 11851
10739 12595 12594 12222 12223
11098 12967 12966 12594 12595
11457 13339 13338 12966 12967
11816 13711 13710 13338 13339
12175 14083 14082 13710 13711
12534 14455 14454 14082 14083
12893 14827 14826 14454 14455
13252 15199 15198 14826 14827
13611 15571 15570 15198 15199
13970 15943 15942 15570 15571
14329 16315 16314 15942 15943
14688 16687 16686 16314 16315
15047 17059 17058 16686 16687
15406 17431 17430 17058 17059
7507 9222 9220 9221 9223
7866 9618 9617 9220 9222
8225 9990 9989 9617 9618
8584 10362 10361 9989 9990
8943 10734 10733 10361 10362
9302 11106 11105 10733 10734
9661 11478 11477 11105 11106
10020 11850 11849 11477 11478
10379 12222 12221 11849 11850
10738 12594 12593 12221 12222
11097 12966 12965 12593 12594
11456 13338 13337 12965 12966
11815 13710 13709 13337 13338
12174 14082 14081 13709 13710
12533 14454 14453 14081 14082
12892 14826 14825 14453 14454
13251 15198 15197 14825 14826
13610 15570 15569 15197 15198
13969 15942 15941 15569 15570
14328 16314 16313 15941 15942
14687 16686 16685 16313 16314
15046 17058 17057 16685 16686
15405 17430 17429 17057 17058
7506 9220 9218 9219 9221
7865 9617 9616 9218 9220
8224 9989 9988 9616 9617
8583 10361 10360 9988 9989
8942 10733 10732 10360 10361
9301 11105 11104 10732 10733
9660 11477 11476 11104 11105
10019 11849 11848 11476 11477
10378 12221 12220 11848 11849
10737 12593 12592 12220 12221
11096 12965 12964 12592 12593
11455 13337 13336 12964 12965
11814 13709 13708 13336 13337
12173 14081 14080 13708 13709
12532 14453 14452 14080 14081
12891 14825 14824 14452 14453
13250 15197 15196 14824 14825
13609 15569 15568 15196 15197
13968 15941 15940 15568 15569
14327 16313 16312 15940 15941
14686 16685 16684 16312 16313
15045 17057 17056 16684 16685
15404 17429 17428 17056 17057
7505 9218 9216 9217 9219
7864 9616 9615 9216 9218
8223 9988 9987 9615 9616
8582 10360 10359 9987 9988
8941 10732 10731 10359 10360
9300 11104 11103 10731 10732
9659 11476 11475 11103 11104
10018 11848 11847 11475 11476
10377 12220 12219 11847 11848
10736 12592 12591 12219 12220
11095 12964 12963 12591 12592
11454 13336 13335 12963 12964
11813 13708 13707 13335 13336
12172 14080 14079 13707 13708
12531 14452 14451 14079 14080
12890 14824 14823 14451 14452
13249 15196 15195 14823 14824
13608 15568 15567 15195 15196
13967 15940 15939 15567 15568
14326 16312 16311 15939 15940
14685 16684 16683 16311 16312
15044 17056 17055 16683 16684
15403 17428 17427 17055 17056
7504 9216 9214 9215 9217
7863 9615 9614 9214 9216
8222 9987 9986 9614 9615
8581 10359 10358 9986 9987
8940 10731 10730 10358 10359
9299 11103 11102 10730 10731
9658 11475 11474 11102 11103
10017 11847 11846 11474 11475
10376 12219 12218 11846 11847
10735 12591 12590 12218 12219
11094 12963 12962 12590 12591
11453 13335 13334 12962 12963
11812 13707 13706 13334 13335
12171 14079 14078 13706 13707
12530 14451 14450 14078 14079
12889 14823 14822 14450 14451
13248 15195 15194 14822 14823
13607 15567 15566 15194 15195
13966 15939 15938 15566 15567
14325 16311 16310 15938 15939
14684 16683 16682 16310 16311
15043 17055 17054 16682 16683
15402 17427 17426 17054 17055
7503 9214 9212 9213 9215
7862 9614 9613 9212 9214
8221 9986 9985 9613 9614
8580 10358 10357 9985 9986
8939 10730 10729 10357 10358
9298 11102 11101 10729 10730
9657 11474 11473 11101 11102
10016 11846 11845 11473 11474
10375 12218 12217 11845 11846
10734 12590 12589 12217 12218
11093 12962 12961 12589 12590
11452 13334 13333 12961 12962
11811 13706 13705 13333 13334
12170 14078 14077 13705 13706
12529 14450 14449 14077 14078
12888 14822 14821 14449 14450
13247 15194 15193 14821 14822
13606 15566 15565 15193 15194
13965 15938 15937 15565 15566
14324 16310 16309 15937 15938
14683 16682 16681 16309 16310
15042 17054 17053 16681 16682
15401 17426 17425 17053 17054
7502 9212 9210 9211 9213
7861 9613 9612 9210 9212
8220 9985 9984 9612 9613
8579 10357 10356 9984 9985
8938 10729 10728 10356 10357
9297 11101 11100 10728 10729
9656 11473 11472 11100 11101
10015 11845 11844 11472 11473
10374 12217 12216 11844 11845
10733 12589 12588 12216 12217
11092 12961 12960 12588 12589
11451 13333 13332 12960 12961
11810 13705 13704 13332 13333
12169 14077 14076 13704 13705
12528 14449 14448 14076 14077
12887 14821 14820 14448 14449
13246 15193 15192 14820 14821
13605 15565 15564 15192 15193
13964 15937 15936 15564 15565
14323 16309 16308 15936 15937
14682 16681 16680 16308 16309
15041 17053 17052 16680 16681
15400 17425 17424 17052 17053
7501 9210 9208 9209 9211
7860 9612 9611 9208 9210
8219 9984 9983 9611 9612
8578 10356 10355 9983 9984
8937 10728 10727 10355 10356
9296 11100 11099 10727 10728
9655 11472 11471 11099 11100
10014 11844 11843 11471 11472
10373 12216 12215 11843 11844
10732 12588 12587 12215 12216
11091 12960 12959 12587 12588
11450 13332 13331 12959 12960
11809 13704 13703 13331 13332
12168 14076 14075 13703 13704
12527 14448 14447 14075 14076
12886 14820 14819 14447 14448
13245 15192 15191 14819 14820
13604 15564 15563 15191 15192
13963 15936 15935 15563 15564
14322 16308 16307 15935 15936
14681 16680 16679 16307 16308
15040 17052 17051 16679 16680
15399 17424 17423 17051 17052
7500 9208 9206 9207 9209
7859 9611 9610 9206 9208
8218 9983 9982 9610 9611
8577 10355 10354 9982 9983
8936 10727 10726 10354 10355
9295 11099 11098 10726 10727
9654 11471 11470 11098 11099
10013 11843 11842 11470 11471
10372 12215 12214 11842 11843
10731 12587 12586 12214 12215
11090 12959 12958 12586 12587
11449 13331 13330 12958 12959
11808 13703 13702 13330 13331
12167 14075 14074 13702 13703
12526 14447 14446 14074 14075
12885 14819 14818 14446 14447
13244 15191 15190 14818 14819
13603 15563 15562 15190 15191
13962 15935 15934 15562 15563
14321 16307 16306 15934 15935
14680 16679 16678 16306 16307
15039 17051 17050 16678 16679
15398 17423 17422 17050 17051
7499 9206 9204 9205 9207
7858 9610 9609 9204 9206
8217 9982 9981 9609 9610
8576 10354 10353 9981 9982
8935 10726 10725 10353 10354
9294 11098 11097 10725 10726
9653 11470 11469 11097 11098
10012 11842 11841 11469 11470
10371 12214 12213 11841 11842
10730 12586 12585 12213 12214
11089 12958 12957 12585 12586
11448 13330 13329 12957 12958
11807 13702 13701 13329 13330
12166 14074 14073 13701 13702
12525 14446 14445 14073 14074
12884 14818 14817 14445 14446
13243 15190 15189 14817 14818
13602 15562 15561 15189 15190
13961 15934 15933 15561 15562
14320 16306 16305 15933 15934
14679 16678 16677 16305 16306
15038 17050 17049 16677 16678
15397 17422 17421 17049 17050
7498 9204 9202 9203 9205
7857 9609 9608 9202 9204
8216 9981 9980 9608 9609
8575 10353 10352 9980 9981
8934 10725 10724 10352 10353
9293 11097 11096 10724 10725
9652 11469 11468 11096 11097
10011 11841 11840 11468 11469
10370 12213 12212 11840 11841
10729 12585 12584 12212 12213
11088 12957 12956 12584 12585
11447 13329 13328 12956 12957
11806 13701 13700 13328 13329
12165 14073 14072 13700 13701
12524 14445 14444 14072 14073
12883 14817 14816 14444 14445
13242 15189 15188 14816 14817
13601 15561 15560 15188 15189
13960 15933 15932 15560 15561
14319 16305 16304 15932 15933
14678 16677 16676 16304 16305
15037 17049 17048 16676 16677
15396 17421 17420 17048 17049
7497 9202 9200 9201 9203
7856 9608 9607 9200 9202
8215 9980 9979 9607 9608
8574 10352 10351 9979 9980
8933 10724 10723 10351 10352
9292 11096 11095 10723 10724
9651 11468 11467 11095 11096
10010 11840 11839 11467 11468
10369 12212 12211 11839 11840
10728 12584 12583 12211 12212
11087 12956 12955 12583 12584
11446 13328 13327 12955 12956
11805 13700 13699 13327 13328
12164 14072 14071 13699 13700
12523 14444 14443 14071 14072
12882 14816 14815 14443 14444
13241 15188 15187 14815 14816
13600 15560 15559 15187 15188
13959 15932 15931 15559 15560
14318 16304 16303 15931 15932
14677 16676 16675 16303 16304
15036 17048 17047 16675 16676
15395 17420 17419 17047 17048
7496 9200 9198 9199 9201
7855 9607 9606 9198 9200
8214 9979 9978 9606 9607
8573 10351 10350 9978 9979
8932 10723 10722 10350 10351
9291 11095 11094 10722 10723
9650 11467 11466 11094 11095
10009 11839 11838 11466 11467
10368 12211 12210 11838 11839
10727 12583 12582 12210 12211
11086 12955 12954 12582 12583
11445 13327 13326 12954 12955
11804 13699 13698 13326 13327
12163 14071 14070 13698 13699
12522 14443 14442 14070 14071
12881 14815 14814 14442 14443
13240 15187 15186 14814 14815
13599 15559 15558 15186 15187
13958 15931 15930 15558 15559
14317 16303 16302 15930 15931
14676 16675 16674 16302 16303
15035 17047 17046 16674 16675
15394 17419 17418 17046 17047
7495 9198 9196 9197 9199
7854 9606 9605 9196 9198
8213 9978 9977 9605 9606
8572 10350 10349 9977 9978
8931 10722 10721 10349 10350
9290 11094 11093 10721 10722
9649 11466 11465 11093 11094
10008 11838 11837 11465 11466
10367 12210 12209 11837 11838
10726 12582 12581 12209 12210
11085 12954 12953 12581 12582
11444 13326 13325 12953 12954
11803 13698 13697 13325 13326
12162 14070 14069 13697 13698
12521 14442 14441 14069 14070
12880 14814 14813 14441 14442
13239 15186 15185 14813 14814
13598 15558 15557 15185 15186
13957 15930 15929 15557 15558
14316 16302 16301 15929 15930
14675 16674 16673 16301 16302
15034 17046 17045 16673 16674
15393 17418 17417 17045 17046
7494 9196 9194 9195 9197
7853 9605 9604 9194 9196
8212 9977 9976 9604 9605
8571 10349 10348 9976 9977
8930 10721 10720 10348 10349
9289 11093 11092 10720 10721
9648 11465 11464 11092 11093
10007 11837 11836 11464 11465
10366 12209 12208 11836 11837
10725 12581 12580 12208 12209
11084 12953 12952 12580 12581
11443 13325 13324 12952 12953
11802 13697 13696 13324 13325
12161 14069 14068 13696 13697
12520 14441 14440 14068 14069
12879 14813 14812 14440 14441
13238 15185 15184 14812 14813
13597 15557 15556 15184 15185
13956 15929 15928 15556 15557
14315 16301 16300 15928 15929
14674 16673 16672 16300 16301
15033 17045 17044 16672 16673
15392 17417 17416 17044 17045
7493 9194 9192 9193 9195
7852 9604 9603 9192 9194
8211 9976 9975 9603 9604
8570 10348 10347 9975 9976
8929 10720 10719 10347 10348
9288 11092 11091 10719 10720
9647 11464 11463 11091 11092
10006 11836 11835 11463 11464
10365 12208 12207 11835 11836
10724 12580 12579 12207 12208
11083 12952 12951 12579 12580
11442 13324 13323 12951 12952
11801 13696 13695 13323 13324
12160 14068 14067 13695 13696
12519 14440 14439 14067 14068
12878 14812 14811 14439 14440
13237 15184 15183 14811 14812
13596 15556 15555 15183 15184
13955 15928 15927 15555 15556
14314 16300 16299 15927 15928
14673 16672 16671 16299 16300
15032 17044 17043 16671 16672
15391 17416 17415 17043 17044
7492 9192 9190 9191 9193
7851 9603 9602 9190 9192
8210 9975 9974 9602 9603
8569 10347 10346 9974 9975
8928 10719 10718 10346 10347
9287 11091 11090 10718 10719
9646 11463 11462 11090 11091
10005 11835 11834 11462 11463
10364 12207 12206 11834 11835
10723 12579 12578 12206 12207
11082 12951 12950 12578 12579
11441 13323 13322 12950 12951
11800 13695 13694 13322 13323
12159 14067 14066 13694 13695
12518 14439 14438 14066 14067
12877 14811 14810 14438 14439
13236 15183 15182 14810 14811
13595 15555 15554 15182 15183
13954 15927 15926 15554 15555
14313 16299 16298 15926 15927
14672 16671 16670 16298 16299
15031 17043 17042 16670 16671
15390 17415 17414 17042 17043
7491 9190 9188 9189 9191
7850 9602 9601 9188 9190
8209 9974 9973 9601 9602
8568 10346 10345 9973 9974
8927 10718 10717 10345 10346
9286 11090 11089 10717 10718
9645 11462 11461 11089 11090
10004 11834 11833 11461 11462
10363 12206 12205 11833 11834
10722 12578 12577 12205 12206
11081 12950 12949 12577 12578
11440 13322 13321 12949 12950
11799 13694 13693 13321 13322
12158 14066 14065 13693 13694
12517 14438 14437 14065 14066
12876 14810 14809 14437 14438
13235 15182 15181 14809 14810
13594 15554 15553 15181 15182
13953 15926 15925 15553 15554
14312 16298 16297 15925 15926
14671 16670 16669 16297 16298
15030 17042 17041 16669 16670
15389 17414 17413 17041 17042
7490 9188 9186 9187 9189
7849 9601 9600 9186 9188
8208 9973 9972 9600 9601
8567 10345 10344 9972 9973
8926 10717 10716 10344 10345
9285 11089 11088 10716 10717
9644 11461 11460 11088 11089
10003 11833 11832 11460 11461
10362 12205 12204 11832 11833
10721 12577 12576 12204 12205
11080 12949 12948 12576 12577
11439 13321 13320 12948 12949
11798 13693 13692 13320 13321
12157 14065 14064 13692 13693
12516 14437 14436 14064 14065
12875 14809 14808 14436 14437
13234 15181 15180 14808 14809
13593 15553 15552 15180 15181
13952 15925 15924 15552 15553
14311 16297 16296 15924 15925
14670 16669 16668 16296 16297
15029 17041 17040 16668 16669
15388 17413 17412 17040 17041
7489 9186 9182 9184 9187
7848 9600 9598 9182 9186
8207 9972 9970 9598 9600
8566 10344 10342 9970 9972
8925 10716 10714 10342 10344
9284 11088 11086 10714 10716
9643 11460 11458 11086 11088
10002 11832 11830 11458 11460
10361 12204 12202 11830 11832
10720 12576 12574 12202 12204
11079 12948 12946 12574 12576
11438 13320 13318 12946 12948
11797 13692 13690 13318 13320
12156 14064 14062 13690 13692
12515 14436 14434 14062 14064
12874 14808 14806 14434 14436
13233 15180 15178 14806 14808
13592 15552 15550 15178 15180
13951 15924 15922 15550 15552
14310 16296 16294 15922 15924
14669 16668 16666 16294 16296
15028 17040 17038 16666 16668
15387 17412 17410 17038 17040
7488 9182 9183 9185 9184
7847 9598 9599 9183 9182
8206 9970 9971 9599 9598
8565 10342 10343 9971 9970
8924 10714 10715 10343 10342
9283 11086 11087 10715 10714
9642 11458 11459 11087 11086
10001 11830 11831 11459 11458
10360 12202 12203 11831 11830
10719 12574 12575 12203 12202
11078 12946 12947 12575 12574
11437 13318 13319 12947 12946
11796 13690 13691 13319 13318
12155 14062 14063 13691 13690
12514 14434 14435 14063 14062
12873 14806 14807 14435 14434
13232 15178 15179 14807 14806
13591 15550 15551 15179 15178
13950 15922 15923 15551 15550
14309 16294 16295 15923 15922
14668 16666 16667 16295 16294
15027 17038 17039 16667 16666
15386 17410 17411 17039 17038
