   2.50000004E-02     100.000000    
   7.50000030E-02     0.00000000    
  0.125000000         0.00000000    
  0.175000012         0.00000000    
  0.224999994         0.00000000    
  0.275000006         0.00000000    
  0.324999988         0.00000000    
  0.375000000         0.00000000    
  0.425000012         0.00000000    
  0.474999994         0.00000000    
  0.524999976         0.00000000    
  0.575000048         0.00000000    
  0.625000000         0.00000000    
  0.674999952         0.00000000    
  0.725000024         0.00000000    
  0.774999976         0.00000000    
  0.825000048         0.00000000    
  0.875000000         0.00000000    
  0.924999952         0.00000000    
  0.975000024         0.00000000    
