546
15457 8525 8524 17028 17400
15098 8524 8523 16656 17028
14739 8523 8522 16284 16656
14380 8522 8521 15912 16284
14021 8521 8520 15540 15912
13662 8520 8519 15168 15540
13303 8519 8518 14796 15168
12944 8518 8517 14424 14796
12585 8517 8516 14052 14424
12226 8516 8515 13680 14052
11867 8515 8514 13308 13680
11508 8514 8513 12936 13308
11149 8513 8512 12564 12936
10790 8512 8511 12192 12564
10431 8511 8510 11820 12192
10072 8510 8509 11448 11820
9713 8509 8508 11076 11448
9354 8508 8507 10704 11076
8995 8507 8506 10332 10704
8636 8506 8505 9960 10332
8277 8505 8504 9588 9960
7918 8504 8502 9161 9588
7559 8502 8503 9163 9161
15376 17399 17400 17028 17027
15017 17027 17028 16656 16655
14658 16655 16656 16284 16283
14299 16283 16284 15912 15911
13940 15911 15912 15540 15539
13581 15539 15540 15168 15167
13222 15167 15168 14796 14795
12863 14795 14796 14424 14423
12504 14423 14424 14052 14051
12145 14051 14052 13680 13679
11786 13679 13680 13308 13307
11427 13307 13308 12936 12935
11068 12935 12936 12564 12563
10709 12563 12564 12192 12191
10350 12191 12192 11820 11819
9991 11819 11820 11448 11447
9632 11447 11448 11076 11075
9273 11075 11076 10704 10703
8914 10703 10704 10332 10331
8555 10331 10332 9960 9959
8196 9959 9960 9588 9587
7837 9587 9588 9161 9160
7478 9160 9161 9163 9162
15377 17401 17399 17027 17029
15018 17029 17027 16655 16657
14659 16657 16655 16283 16285
14300 16285 16283 15911 15913
13941 15913 15911 15539 15541
13582 15541 15539 15167 15169
13223 15169 15167 14795 14797
12864 14797 14795 14423 14425
12505 14425 14423 14051 14053
12146 14053 14051 13679 13681
11787 13681 13679 13307 13309
11428 13309 13307 12935 12937
11069 12937 12935 12563 12565
10710 12565 12563 12191 12193
10351 12193 12191 11819 11821
9992 11821 11819 11447 11449
9633 11449 11447 11075 11077
9274 11077 11075 10703 10705
8915 10705 10703 10331 10333
8556 10333 10331 9959 9961
8197 9961 9959 9587 9589
7838 9589 9587 9160 9164
7479 9164 9160 9162 9165
15378 17402 17401 17029 17030
15019 17030 17029 16657 16658
14660 16658 16657 16285 16286
14301 16286 16285 15913 15914
13942 15914 15913 15541 15542
13583 15542 15541 15169 15170
13224 15170 15169 14797 14798
12865 14798 14797 14425 14426
12506 14426 14425 14053 14054
12147 14054 14053 13681 13682
11788 13682 13681 13309 13310
11429 13310 13309 12937 12938
11070 12938 12937 12565 12566
10711 12566 12565 12193 12194
10352 12194 12193 11821 11822
9993 11822 11821 11449 11450
9634 11450 11449 11077 11078
9275 11078 11077 10705 10706
8916 10706 10705 10333 10334
8557 10334 10333 9961 9962
8198 9962 9961 9589 9590
7839 9590 9589 9164 9166
7480 9166 9164 9165 9167
15379 17403 17402 17030 17031
15020 17031 17030 16658 16659
14661 16659 16658 16286 16287
14302 16287 16286 15914 15915
13943 15915 15914 15542 15543
13584 15543 15542 15170 15171
13225 15171 15170 14798 14799
12866 14799 14798 14426 14427
12507 14427 14426 14054 14055
12148 14055 14054 13682 13683
11789 13683 13682 13310 13311
11430 13311 13310 12938 12939
11071 12939 12938 12566 12567
10712 12567 12566 12194 12195
10353 12195 12194 11822 11823
9994 11823 11822 11450 11451
9635 11451 11450 11078 11079
9276 11079 11078 10706 10707
8917 10707 10706 10334 10335
8558 10335 10334 9962 9963
8199 9963 9962 9590 9591
7840 9591 9590 9166 9168
7481 9168 9166 9167 9169
15380 17404 17403 17031 17032
15021 17032 17031 16659 16660
14662 16660 16659 16287 16288
14303 16288 16287 15915 15916
13944 15916 15915 15543 15544
13585 15544 15543 15171 15172
13226 15172 15171 14799 14800
12867 14800 14799 14427 14428
12508 14428 14427 14055 14056
12149 14056 14055 13683 13684
11790 13684 13683 13311 13312
11431 13312 13311 12939 12940
11072 12940 12939 12567 12568
10713 12568 12567 12195 12196
10354 12196 12195 11823 11824
9995 11824 11823 11451 11452
9636 11452 11451 11079 11080
9277 11080 11079 10707 10708
8918 10708 10707 10335 10336
8559 10336 10335 9963 9964
8200 9964 9963 9591 9592
7841 9592 9591 9168 9170
7482 9170 9168 9169 9171
15381 17405 17404 17032 17033
15022 17033 17032 16660 16661
14663 16661 16660 16288 16289
14304 16289 16288 15916 15917
13945 15917 15916 15544 15545
13586 15545 15544 15172 15173
13227 15173 15172 14800 14801
12868 14801 14800 14428 14429
12509 14429 14428 14056 14057
12150 14057 14056 13684 13685
11791 13685 13684 13312 13313
11432 13313 13312 12940 12941
11073 12941 12940 12568 12569
10714 12569 12568 12196 12197
10355 12197 12196 11824 11825
9996 11825 11824 11452 11453
9637 11453 11452 11080 11081
9278 11081 11080 10708 10709
8919 10709 10708 10336 10337
8560 10337 10336 9964 9965
8201 9965 9964 9592 9593
7842 9593 9592 9170 9172
7483 9172 9170 9171 9173
15382 17406 17405 17033 17034
15023 17034 17033 16661 16662
14664 16662 16661 16289 16290
14305 16290 16289 15917 15918
13946 15918 15917 15545 15546
13587 15546 15545 15173 15174
13228 15174 15173 14801 14802
12869 14802 14801 14429 14430
12510 14430 14429 14057 14058
12151 14058 14057 13685 13686
11792 13686 13685 13313 13314
11433 13314 13313 12941 12942
11074 12942 12941 12569 12570
10715 12570 12569 12197 12198
10356 12198 12197 11825 11826
9997 11826 11825 11453 11454
9638 11454 11453 11081 11082
9279 11082 11081 10709 10710
8920 10710 10709 10337 10338
8561 10338 10337 9965 9966
8202 9966 9965 9593 9594
7843 9594 9593 9172 9174
7484 9174 9172 9173 9175
15383 17407 17406 17034 17035
15024 17035 17034 16662 16663
14665 16663 16662 16290 16291
14306 16291 16290 15918 15919
13947 15919 15918 15546 15547
13588 15547 15546 15174 15175
13229 15175 15174 14802 14803
12870 14803 14802 14430 14431
12511 14431 14430 14058 14059
12152 14059 14058 13686 13687
11793 13687 13686 13314 13315
11434 13315 13314 12942 12943
11075 12943 12942 12570 12571
10716 12571 12570 12198 12199
10357 12199 12198 11826 11827
9998 11827 11826 11454 11455
9639 11455 11454 11082 11083
9280 11083 11082 10710 10711
8921 10711 10710 10338 10339
8562 10339 10338 9966 9967
8203 9967 9966 9594 9595
7844 9595 9594 9174 9176
7485 9176 9174 9175 9177
15384 17408 17407 17035 17036
15025 17036 17035 16663 16664
14666 16664 16663 16291 16292
14307 16292 16291 15919 15920
13948 15920 15919 15547 15548
13589 15548 15547 15175 15176
13230 15176 15175 14803 14804
12871 14804 14803 14431 14432
12512 14432 14431 14059 14060
12153 14060 14059 13687 13688
11794 13688 13687 13315 13316
11435 13316 13315 12943 12944
11076 12944 12943 12571 12572
10717 12572 12571 12199 12200
10358 12200 12199 11827 11828
9999 11828 11827 11455 11456
9640 11456 11455 11083 11084
9281 11084 11083 10711 10712
8922 10712 10711 10339 10340
8563 10340 10339 9967 9968
8204 9968 9967 9595 9596
7845 9596 9595 9176 9178
7486 9178 9176 9177 9179
15385 17409 17408 17036 17037
15026 17037 17036 16664 16665
14667 16665 16664 16292 16293
14308 16293 16292 15920 15921
13949 15921 15920 15548 15549
13590 15549 15548 15176 15177
13231 15177 15176 14804 14805
12872 14805 14804 14432 14433
12513 14433 14432 14060 14061
12154 14061 14060 13688 13689
11795 13689 13688 13316 13317
11436 13317 13316 12944 12945
11077 12945 12944 12572 12573
10718 12573 12572 12200 12201
10359 12201 12200 11828 11829
10000 11829 11828 11456 11457
9641 11457 11456 11084 11085
9282 11085 11084 10712 10713
8923 10713 10712 10340 10341
8564 10341 10340 9968 9969
8205 9969 9968 9596 9597
7846 9597 9596 9178 9180
7487 9180 9178 9179 9181
15386 17411 17409 17037 17039
15027 17039 17037 16665 16667
14668 16667 16665 16293 16295
14309 16295 16293 15921 15923
13950 15923 15921 15549 15551
13591 15551 15549 15177 15179
13232 15179 15177 14805 14807
12873 14807 14805 14433 14435
12514 14435 14433 14061 14063
12155 14063 14061 13689 13691
11796 13691 13689 13317 13319
11437 13319 13317 12945 12947
11078 12947 12945 12573 12575
10719 12575 12573 12201 12203
10360 12203 12201 11829 11831
10001 11831 11829 11457 11459
9642 11459 11457 11085 11087
9283 11087 11085 10713 10715
8924 10715 10713 10341 10343
8565 10343 10341 9969 9971
8206 9971 9969 9597 9599
7847 9599 9597 9180 9183
7488 9183 9180 9181 9185
7200 8525 8250 8219 8494
6960 8250 7975 7944 8219
6720 7975 7700 7669 7944
6480 7700 7425 7394 7669
6240 7425 7150 7119 7394
6000 7150 6875 6844 7119
5760 6875 6600 6569 6844
5520 6600 6325 6294 6569
5280 6325 6050 6019 6294
5040 6050 5775 5744 6019
4800 5775 5500 5469 5744
4560 5500 5225 5194 5469
4320 5225 4950 4919 5194
4080 4950 4675 4644 4919
3840 4675 4400 4369 4644
3600 4400 4125 4094 4369
3360 4125 3850 3819 4094
3120 3850 3575 3544 3819
2880 3575 3300 3269 3544
2640 3300 3025 2994 3269
2400 3025 2750 2719 2994
2160 2750 2475 2444 2719
1920 2475 2200 2169 2444
1680 2200 1925 1894 2169
1440 1925 1650 1619 1894
1200 1650 1375 1344 1619
960 1375 1100 1069 1344
720 1100 825 794 1069
480 825 549 486 794
240 549 550 488 486
7170 8493 8494 8219 8218
6930 8218 8219 7944 7943
6690 7943 7944 7669 7668
6450 7668 7669 7394 7393
6210 7393 7394 7119 7118
5970 7118 7119 6844 6843
5730 6843 6844 6569 6568
5490 6568 6569 6294 6293
5250 6293 6294 6019 6018
5010 6018 6019 5744 5743
4770 5743 5744 5469 5468
4530 5468 5469 5194 5193
4290 5193 5194 4919 4918
4050 4918 4919 4644 4643
3810 4643 4644 4369 4368
3570 4368 4369 4094 4093
3330 4093 4094 3819 3818
3090 3818 3819 3544 3543
2850 3543 3544 3269 3268
2610 3268 3269 2994 2993
2370 2993 2994 2719 2718
2130 2718 2719 2444 2443
1890 2443 2444 2169 2168
1650 2168 2169 1894 1893
1410 1893 1894 1619 1618
1170 1618 1619 1344 1343
930 1343 1344 1069 1068
690 1068 1069 794 793
450 793 794 486 485
210 485 486 488 487
7171 8495 8493 8218 8220
6931 8220 8218 7943 7945
6691 7945 7943 7668 7670
6451 7670 7668 7393 7395
6211 7395 7393 7118 7120
5971 7120 7118 6843 6845
5731 6845 6843 6568 6570
5491 6570 6568 6293 6295
5251 6295 6293 6018 6020
5011 6020 6018 5743 5745
4771 5745 5743 5468 5470
4531 5470 5468 5193 5195
4291 5195 5193 4918 4920
4051 4920 4918 4643 4645
3811 4645 4643 4368 4370
3571 4370 4368 4093 4095
3331 4095 4093 3818 3820
3091 3820 3818 3543 3545
2851 3545 3543 3268 3270
2611 3270 3268 2993 2995
2371 2995 2993 2718 2720
2131 2720 2718 2443 2445
1891 2445 2443 2168 2170
1651 2170 2168 1893 1895
1411 1895 1893 1618 1620
1171 1620 1618 1343 1345
931 1345 1343 1068 1070
691 1070 1068 793 795
451 795 793 485 489
211 489 485 487 490
7172 8496 8495 8220 8221
6932 8221 8220 7945 7946
6692 7946 7945 7670 7671
6452 7671 7670 7395 7396
6212 7396 7395 7120 7121
5972 7121 7120 6845 6846
5732 6846 6845 6570 6571
5492 6571 6570 6295 6296
5252 6296 6295 6020 6021
5012 6021 6020 5745 5746
4772 5746 5745 5470 5471
4532 5471 5470 5195 5196
4292 5196 5195 4920 4921
4052 4921 4920 4645 4646
3812 4646 4645 4370 4371
3572 4371 4370 4095 4096
3332 4096 4095 3820 3821
3092 3821 3820 3545 3546
2852 3546 3545 3270 3271
2612 3271 3270 2995 2996
2372 2996 2995 2720 2721
2132 2721 2720 2445 2446
1892 2446 2445 2170 2171
1652 2171 2170 1895 1896
1412 1896 1895 1620 1621
1172 1621 1620 1345 1346
932 1346 1345 1070 1071
692 1071 1070 795 796
452 796 795 489 491
212 491 489 490 492
7173 8497 8496 8221 8222
6933 8222 8221 7946 7947
6693 7947 7946 7671 7672
6453 7672 7671 7396 7397
6213 7397 7396 7121 7122
5973 7122 7121 6846 6847
5733 6847 6846 6571 6572
5493 6572 6571 6296 6297
5253 6297 6296 6021 6022
5013 6022 6021 5746 5747
4773 5747 5746 5471 5472
4533 5472 5471 5196 5197
4293 5197 5196 4921 4922
4053 4922 4921 4646 4647
3813 4647 4646 4371 4372
3573 4372 4371 4096 4097
3333 4097 4096 3821 3822
3093 3822 3821 3546 3547
2853 3547 3546 3271 3272
2613 3272 3271 2996 2997
2373 2997 2996 2721 2722
2133 2722 2721 2446 2447
1893 2447 2446 2171 2172
1653 2172 2171 1896 1897
1413 1897 1896 1621 1622
1173 1622 1621 1346 1347
933 1347 1346 1071 1072
693 1072 1071 796 797
453 797 796 491 493
213 493 491 492 494
7174 8498 8497 8222 8223
6934 8223 8222 7947 7948
6694 7948 7947 7672 7673
6454 7673 7672 7397 7398
6214 7398 7397 7122 7123
5974 7123 7122 6847 6848
5734 6848 6847 6572 6573
5494 6573 6572 6297 6298
5254 6298 6297 6022 6023
5014 6023 6022 5747 5748
4774 5748 5747 5472 5473
4534 5473 5472 5197 5198
4294 5198 5197 4922 4923
4054 4923 4922 4647 4648
3814 4648 4647 4372 4373
3574 4373 4372 4097 4098
3334 4098 4097 3822 3823
3094 3823 3822 3547 3548
2854 3548 3547 3272 3273
2614 3273 3272 2997 2998
2374 2998 2997 2722 2723
2134 2723 2722 2447 2448
1894 2448 2447 2172 2173
1654 2173 2172 1897 1898
1414 1898 1897 1622 1623
1174 1623 1622 1347 1348
934 1348 1347 1072 1073
694 1073 1072 797 798
454 798 797 493 495
214 495 493 494 496
7175 8499 8498 8223 8224
6935 8224 8223 7948 7949
6695 7949 7948 7673 7674
6455 7674 7673 7398 7399
6215 7399 7398 7123 7124
5975 7124 7123 6848 6849
5735 6849 6848 6573 6574
5495 6574 6573 6298 6299
5255 6299 6298 6023 6024
5015 6024 6023 5748 5749
4775 5749 5748 5473 5474
4535 5474 5473 5198 5199
4295 5199 5198 4923 4924
4055 4924 4923 4648 4649
3815 4649 4648 4373 4374
3575 4374 4373 4098 4099
3335 4099 4098 3823 3824
3095 3824 3823 3548 3549
2855 3549 3548 3273 3274
2615 3274 3273 2998 2999
2375 2999 2998 2723 2724
2135 2724 2723 2448 2449
1895 2449 2448 2173 2174
1655 2174 2173 1898 1899
1415 1899 1898 1623 1624
1175 1624 1623 1348 1349
935 1349 1348 1073 1074
695 1074 1073 798 799
455 799 798 495 497
215 497 495 496 498
7176 8500 8499 8224 8225
6936 8225 8224 7949 7950
6696 7950 7949 7674 7675
6456 7675 7674 7399 7400
6216 7400 7399 7124 7125
5976 7125 7124 6849 6850
5736 6850 6849 6574 6575
5496 6575 6574 6299 6300
5256 6300 6299 6024 6025
5016 6025 6024 5749 5750
4776 5750 5749 5474 5475
4536 5475 5474 5199 5200
4296 5200 5199 4924 4925
4056 4925 4924 4649 4650
3816 4650 4649 4374 4375
3576 4375 4374 4099 4100
3336 4100 4099 3824 3825
3096 3825 3824 3549 3550
2856 3550 3549 3274 3275
2616 3275 3274 2999 3000
2376 3000 2999 2724 2725
2136 2725 2724 2449 2450
1896 2450 2449 2174 2175
1656 2175 2174 1899 1900
1416 1900 1899 1624 1625
1176 1625 1624 1349 1350
936 1350 1349 1074 1075
696 1075 1074 799 800
456 800 799 497 499
216 499 497 498 500
7177 8501 8500 8225 8226
6937 8226 8225 7950 7951
6697 7951 7950 7675 7676
6457 7676 7675 7400 7401
6217 7401 7400 7125 7126
5977 7126 7125 6850 6851
5737 6851 6850 6575 6576
5497 6576 6575 6300 6301
5257 6301 6300 6025 6026
5017 6026 6025 5750 5751
4777 5751 5750 5475 5476
4537 5476 5475 5200 5201
4297 5201 5200 4925 4926
4057 4926 4925 4650 4651
3817 4651 4650 4375 4376
3577 4376 4375 4100 4101
3337 4101 4100 3825 3826
3097 3826 3825 3550 3551
2857 3551 3550 3275 3276
2617 3276 3275 3000 3001
2377 3001 3000 2725 2726
2137 2726 2725 2450 2451
1897 2451 2450 2175 2176
1657 2176 2175 1900 1901
1417 1901 1900 1625 1626
1177 1626 1625 1350 1351
937 1351 1350 1075 1076
697 1076 1075 800 801
457 801 800 499 501
217 501 499 500 502
