825
7530 505 9268 9269 506
7889 508 9641 9268 505
8248 510 10013 9641 508
8607 512 10385 10013 510
8966 514 10757 10385 512
9325 516 11129 10757 514
9684 518 11501 11129 516
10043 520 11873 11501 518
10402 522 12245 11873 520
10761 524 12617 12245 522
11120 526 12989 12617 524
11479 528 13361 12989 526
11838 530 13733 13361 528
12197 532 14105 13733 530
12556 534 14477 14105 532
12915 536 14849 14477 534
13274 538 15221 14849 536
13633 540 15593 15221 538
13992 542 15965 15593 540
14351 544 16337 15965 542
14710 546 16709 16337 544
15069 548 17081 16709 546
15428 550 17453 17081 548
7529 9268 9266 9267 9269
7888 9641 9640 9266 9268
8247 10013 10012 9640 9641
8606 10385 10384 10012 10013
8965 10757 10756 10384 10385
9324 11129 11128 10756 10757
9683 11501 11500 11128 11129
10042 11873 11872 11500 11501
10401 12245 12244 11872 11873
10760 12617 12616 12244 12245
11119 12989 12988 12616 12617
11478 13361 13360 12988 12989
11837 13733 13732 13360 13361
12196 14105 14104 13732 13733
12555 14477 14476 14104 14105
12914 14849 14848 14476 14477
13273 15221 15220 14848 14849
13632 15593 15592 15220 15221
13991 15965 15964 15592 15593
14350 16337 16336 15964 15965
14709 16709 16708 16336 16337
15068 17081 17080 16708 16709
15427 17453 17452 17080 17081
7528 9266 9264 9265 9267
7887 9640 9639 9264 9266
8246 10012 10011 9639 9640
8605 10384 10383 10011 10012
8964 10756 10755 10383 10384
9323 11128 11127 10755 10756
9682 11500 11499 11127 11128
10041 11872 11871 11499 11500
10400 12244 12243 11871 11872
10759 12616 12615 12243 12244
11118 12988 12987 12615 12616
11477 13360 13359 12987 12988
11836 13732 13731 13359 13360
12195 14104 14103 13731 13732
12554 14476 14475 14103 14104
12913 14848 14847 14475 14476
13272 15220 15219 14847 14848
13631 15592 15591 15219 15220
13990 15964 15963 15591 15592
14349 16336 16335 15963 15964
14708 16708 16707 16335 16336
15067 17080 17079 16707 16708
15426 17452 17451 17079 17080
7527 9264 9262 9263 9265
7886 9639 9638 9262 9264
8245 10011 10010 9638 9639
8604 10383 10382 10010 10011
8963 10755 10754 10382 10383
9322 11127 11126 10754 10755
9681 11499 11498 11126 11127
10040 11871 11870 11498 11499
10399 12243 12242 11870 11871
10758 12615 12614 12242 12243
11117 12987 12986 12614 12615
11476 13359 13358 12986 12987
11835 13731 13730 13358 13359
12194 14103 14102 13730 13731
12553 14475 14474 14102 14103
12912 14847 14846 14474 14475
13271 15219 15218 14846 14847
13630 15591 15590 15218 15219
13989 15963 15962 15590 15591
14348 16335 16334 15962 15963
14707 16707 16706 16334 16335
15066 17079 17078 16706 16707
15425 17451 17450 17078 17079
7526 9262 9260 9261 9263
7885 9638 9637 9260 9262
8244 10010 10009 9637 9638
8603 10382 10381 10009 10010
8962 10754 10753 10381 10382
9321 11126 11125 10753 10754
9680 11498 11497 11125 11126
10039 11870 11869 11497 11498
10398 12242 12241 11869 11870
10757 12614 12613 12241 12242
11116 12986 12985 12613 12614
11475 13358 13357 12985 12986
11834 13730 13729 13357 13358
12193 14102 14101 13729 13730
12552 14474 14473 14101 14102
12911 14846 14845 14473 14474
13270 15218 15217 14845 14846
13629 15590 15589 15217 15218
13988 15962 15961 15589 15590
14347 16334 16333 15961 15962
14706 16706 16705 16333 16334
15065 17078 17077 16705 16706
15424 17450 17449 17077 17078
7525 9260 9258 9259 9261
7884 9637 9636 9258 9260
8243 10009 10008 9636 9637
8602 10381 10380 10008 10009
8961 10753 10752 10380 10381
9320 11125 11124 10752 10753
9679 11497 11496 11124 11125
10038 11869 11868 11496 11497
10397 12241 12240 11868 11869
10756 12613 12612 12240 12241
11115 12985 12984 12612 12613
11474 13357 13356 12984 12985
11833 13729 13728 13356 13357
12192 14101 14100 13728 13729
12551 14473 14472 14100 14101
12910 14845 14844 14472 14473
13269 15217 15216 14844 14845
13628 15589 15588 15216 15217
13987 15961 15960 15588 15589
14346 16333 16332 15960 15961
14705 16705 16704 16332 16333
15064 17077 17076 16704 16705
15423 17449 17448 17076 17077
7524 9258 9256 9257 9259
7883 9636 9635 9256 9258
8242 10008 10007 9635 9636
8601 10380 10379 10007 10008
8960 10752 10751 10379 10380
9319 11124 11123 10751 10752
9678 11496 11495 11123 11124
10037 11868 11867 11495 11496
10396 12240 12239 11867 11868
10755 12612 12611 12239 12240
11114 12984 12983 12611 12612
11473 13356 13355 12983 12984
11832 13728 13727 13355 13356
12191 14100 14099 13727 13728
12550 14472 14471 14099 14100
12909 14844 14843 14471 14472
13268 15216 15215 14843 14844
13627 15588 15587 15215 15216
13986 15960 15959 15587 15588
14345 16332 16331 15959 15960
14704 16704 16703 16331 16332
15063 17076 17075 16703 16704
15422 17448 17447 17075 17076
7523 9256 9254 9255 9257
7882 9635 9634 9254 9256
8241 10007 10006 9634 9635
8600 10379 10378 10006 10007
8959 10751 10750 10378 10379
9318 11123 11122 10750 10751
9677 11495 11494 11122 11123
10036 11867 11866 11494 11495
10395 12239 12238 11866 11867
10754 12611 12610 12238 12239
11113 12983 12982 12610 12611
11472 13355 13354 12982 12983
11831 13727 13726 13354 13355
12190 14099 14098 13726 13727
12549 14471 14470 14098 14099
12908 14843 14842 14470 14471
13267 15215 15214 14842 14843
13626 15587 15586 15214 15215
13985 15959 15958 15586 15587
14344 16331 16330 15958 15959
14703 16703 16702 16330 16331
15062 17075 17074 16702 16703
15421 17447 17446 17074 17075
7522 9254 9252 9253 9255
7881 9634 9633 9252 9254
8240 10006 10005 9633 9634
8599 10378 10377 10005 10006
8958 10750 10749 10377 10378
9317 11122 11121 10749 10750
9676 11494 11493 11121 11122
10035 11866 11865 11493 11494
10394 12238 12237 11865 11866
10753 12610 12609 12237 12238
11112 12982 12981 12609 12610
11471 13354 13353 12981 12982
11830 13726 13725 13353 13354
12189 14098 14097 13725 13726
12548 14470 14469 14097 14098
12907 14842 14841 14469 14470
13266 15214 15213 14841 14842
13625 15586 15585 15213 15214
13984 15958 15957 15585 15586
14343 16330 16329 15957 15958
14702 16702 16701 16329 16330
15061 17074 17073 16701 16702
15420 17446 17445 17073 17074
7521 9252 9250 9251 9253
7880 9633 9632 9250 9252
8239 10005 10004 9632 9633
8598 10377 10376 10004 10005
8957 10749 10748 10376 10377
9316 11121 11120 10748 10749
9675 11493 11492 11120 11121
10034 11865 11864 11492 11493
10393 12237 12236 11864 11865
10752 12609 12608 12236 12237
11111 12981 12980 12608 12609
11470 13353 13352 12980 12981
11829 13725 13724 13352 13353
12188 14097 14096 13724 13725
12547 14469 14468 14096 14097
12906 14841 14840 14468 14469
13265 15213 15212 14840 14841
13624 15585 15584 15212 15213
13983 15957 15956 15584 15585
14342 16329 16328 15956 15957
14701 16701 16700 16328 16329
15060 17073 17072 16700 16701
15419 17445 17444 17072 17073
7520 9250 9248 9249 9251
7879 9632 9631 9248 9250
8238 10004 10003 9631 9632
8597 10376 10375 10003 10004
8956 10748 10747 10375 10376
9315 11120 11119 10747 10748
9674 11492 11491 11119 11120
10033 11864 11863 11491 11492
10392 12236 12235 11863 11864
10751 12608 12607 12235 12236
11110 12980 12979 12607 12608
11469 13352 13351 12979 12980
11828 13724 13723 13351 13352
12187 14096 14095 13723 13724
12546 14468 14467 14095 14096
12905 14840 14839 14467 14468
13264 15212 15211 14839 14840
13623 15584 15583 15211 15212
13982 15956 15955 15583 15584
14341 16328 16327 15955 15956
14700 16700 16699 16327 16328
15059 17072 17071 16699 16700
15418 17444 17443 17071 17072
7519 9248 9246 9247 9249
7878 9631 9630 9246 9248
8237 10003 10002 9630 9631
8596 10375 10374 10002 10003
8955 10747 10746 10374 10375
9314 11119 11118 10746 10747
9673 11491 11490 11118 11119
10032 11863 11862 11490 11491
10391 12235 12234 11862 11863
10750 12607 12606 12234 12235
11109 12979 12978 12606 12607
11468 13351 13350 12978 12979
11827 13723 13722 13350 13351
12186 14095 14094 13722 13723
12545 14467 14466 14094 14095
12904 14839 14838 14466 14467
13263 15211 15210 14838 14839
13622 15583 15582 15210 15211
13981 15955 15954 15582 15583
14340 16327 16326 15954 15955
14699 16699 16698 16326 16327
15058 17071 17070 16698 16699
15417 17443 17442 17070 17071
7518 9246 9244 9245 9247
7877 9630 9629 9244 9246
8236 10002 10001 9629 9630
8595 10374 10373 10001 10002
8954 10746 10745 10373 10374
9313 11118 11117 10745 10746
9672 11490 11489 11117 11118
10031 11862 11861 11489 11490
10390 12234 12233 11861 11862
10749 12606 12605 12233 12234
11108 12978 12977 12605 12606
11467 13350 13349 12977 12978
11826 13722 13721 13349 13350
12185 14094 14093 13721 13722
12544 14466 14465 14093 14094
12903 14838 14837 14465 14466
13262 15210 15209 14837 14838
13621 15582 15581 15209 15210
13980 15954 15953 15581 15582
14339 16326 16325 15953 15954
14698 16698 16697 16325 16326
15057 17070 17069 16697 16698
15416 17442 17441 17069 17070
7517 9244 9240 9242 9245
7876 9629 9627 9240 9244
8235 10001 9999 9627 9629
8594 10373 10371 9999 10001
8953 10745 10743 10371 10373
9312 11117 11115 10743 10745
9671 11489 11487 11115 11117
10030 11861 11859 11487 11489
10389 12233 12231 11859 11861
10748 12605 12603 12231 12233
11107 12977 12975 12603 12605
11466 13349 13347 12975 12977
11825 13721 13719 13347 13349
12184 14093 14091 13719 13721
12543 14465 14463 14091 14093
12902 14837 14835 14463 14465
13261 15209 15207 14835 14837
13620 15581 15579 15207 15209
13979 15953 15951 15579 15581
14338 16325 16323 15951 15953
14697 16697 16695 16323 16325
15056 17069 17067 16695 16697
15415 17441 17439 17067 17069
7516 9240 9241 9243 9242
7875 9627 9628 9241 9240
8234 9999 10000 9628 9627
8593 10371 10372 10000 9999
8952 10743 10744 10372 10371
9311 11115 11116 10744 10743
9670 11487 11488 11116 11115
10029 11859 11860 11488 11487
10388 12231 12232 11860 11859
10747 12603 12604 12232 12231
11106 12975 12976 12604 12603
11465 13347 13348 12976 12975
11824 13719 13720 13348 13347
12183 14091 14092 13720 13719
12542 14463 14464 14092 14091
12901 14835 14836 14464 14463
13260 15207 15208 14836 14835
13619 15579 15580 15208 15207
13978 15951 15952 15580 15579
14337 16323 16324 15952 15951
14696 16695 16696 16324 16323
15055 17067 17068 16696 16695
15414 17439 17440 17068 17067
218 504 481 483 506
458 803 791 481 504
698 1078 1066 791 803
938 1353 1341 1066 1078
1178 1628 1616 1341 1353
1418 1903 1891 1616 1628
1658 2178 2166 1891 1903
1898 2453 2441 2166 2178
2138 2728 2716 2441 2453
2378 3003 2991 2716 2728
2618 3278 3266 2991 3003
2858 3553 3541 3266 3278
3098 3828 3816 3541 3553
3338 4103 4091 3816 3828
3578 4378 4366 4091 4103
3818 4653 4641 4366 4378
4058 4928 4916 4641 4653
4298 5203 5191 4916 4928
4538 5478 5466 5191 5203
4778 5753 5741 5466 5478
5018 6028 6016 5741 5753
5258 6303 6291 6016 6028
5498 6578 6566 6291 6303
5738 6853 6841 6566 6578
5978 7128 7116 6841 6853
6218 7403 7391 7116 7128
6458 7678 7666 7391 7403
6698 7953 7941 7666 7678
6938 8228 8216 7941 7953
7178 8503 8491 8216 8228
209 481 479 480 483
449 791 790 479 481
689 1066 1065 790 791
929 1341 1340 1065 1066
1169 1616 1615 1340 1341
1409 1891 1890 1615 1616
1649 2166 2165 1890 1891
1889 2441 2440 2165 2166
2129 2716 2715 2440 2441
2369 2991 2990 2715 2716
2609 3266 3265 2990 2991
2849 3541 3540 3265 3266
3089 3816 3815 3540 3541
3329 4091 4090 3815 3816
3569 4366 4365 4090 4091
3809 4641 4640 4365 4366
4049 4916 4915 4640 4641
4289 5191 5190 4915 4916
4529 5466 5465 5190 5191
4769 5741 5740 5465 5466
5009 6016 6015 5740 5741
5249 6291 6290 6015 6016
5489 6566 6565 6290 6291
5729 6841 6840 6565 6566
5969 7116 7115 6840 6841
6209 7391 7390 7115 7116
6449 7666 7665 7390 7391
6689 7941 7940 7665 7666
6929 8216 8215 7940 7941
7169 8491 8490 8215 8216
208 479 477 478 480
448 790 789 477 479
688 1065 1064 789 790
928 1340 1339 1064 1065
1168 1615 1614 1339 1340
1408 1890 1889 1614 1615
1648 2165 2164 1889 1890
1888 2440 2439 2164 2165
2128 2715 2714 2439 2440
2368 2990 2989 2714 2715
2608 3265 3264 2989 2990
2848 3540 3539 3264 3265
3088 3815 3814 3539 3540
3328 4090 4089 3814 3815
3568 4365 4364 4089 4090
3808 4640 4639 4364 4365
4048 4915 4914 4639 4640
4288 5190 5189 4914 4915
4528 5465 5464 5189 5190
4768 5740 5739 5464 5465
5008 6015 6014 5739 5740
5248 6290 6289 6014 6015
5488 6565 6564 6289 6290
5728 6840 6839 6564 6565
5968 7115 7114 6839 6840
6208 7390 7389 7114 7115
6448 7665 7664 7389 7390
6688 7940 7939 7664 7665
6928 8215 8214 7939 7940
7168 8490 8489 8214 8215
207 477 475 476 478
447 789 788 475 477
687 1064 1063 788 789
927 1339 1338 1063 1064
1167 1614 1613 1338 1339
1407 1889 1888 1613 1614
1647 2164 2163 1888 1889
1887 2439 2438 2163 2164
2127 2714 2713 2438 2439
2367 2989 2988 2713 2714
2607 3264 3263 2988 2989
2847 3539 3538 3263 3264
3087 3814 3813 3538 3539
3327 4089 4088 3813 3814
3567 4364 4363 4088 4089
3807 4639 4638 4363 4364
4047 4914 4913 4638 4639
4287 5189 5188 4913 4914
4527 5464 5463 5188 5189
4767 5739 5738 5463 5464
5007 6014 6013 5738 5739
5247 6289 6288 6013 6014
5487 6564 6563 6288 6289
5727 6839 6838 6563 6564
5967 7114 7113 6838 6839
6207 7389 7388 7113 7114
6447 7664 7663 7388 7389
6687 7939 7938 7663 7664
6927 8214 8213 7938 7939
7167 8489 8488 8213 8214
206 475 473 474 476
446 788 787 473 475
686 1063 1062 787 788
926 1338 1337 1062 1063
1166 1613 1612 1337 1338
1406 1888 1887 1612 1613
1646 2163 2162 1887 1888
1886 2438 2437 2162 2163
2126 2713 2712 2437 2438
2366 2988 2987 2712 2713
2606 3263 3262 2987 2988
2846 3538 3537 3262 3263
3086 3813 3812 3537 3538
3326 4088 4087 3812 3813
3566 4363 4362 4087 4088
3806 4638 4637 4362 4363
4046 4913 4912 4637 4638
4286 5188 5187 4912 4913
4526 5463 5462 5187 5188
4766 5738 5737 5462 5463
5006 6013 6012 5737 5738
5246 6288 6287 6012 6013
5486 6563 6562 6287 6288
5726 6838 6837 6562 6563
5966 7113 7112 6837 6838
6206 7388 7387 7112 7113
6446 7663 7662 7387 7388
6686 7938 7937 7662 7663
6926 8213 8212 7937 7938
7166 8488 8487 8212 8213
205 473 471 472 474
445 787 786 471 473
685 1062 1061 786 787
925 1337 1336 1061 1062
1165 1612 1611 1336 1337
1405 1887 1886 1611 1612
1645 2162 2161 1886 1887
1885 2437 2436 2161 2162
2125 2712 2711 2436 2437
2365 2987 2986 2711 2712
2605 3262 3261 2986 2987
2845 3537 3536 3261 3262
3085 3812 3811 3536 3537
3325 4087 4086 3811 3812
3565 4362 4361 4086 4087
3805 4637 4636 4361 4362
4045 4912 4911 4636 4637
4285 5187 5186 4911 4912
4525 5462 5461 5186 5187
4765 5737 5736 5461 5462
5005 6012 6011 5736 5737
5245 6287 6286 6011 6012
5485 6562 6561 6286 6287
5725 6837 6836 6561 6562
5965 7112 7111 6836 6837
6205 7387 7386 7111 7112
6445 7662 7661 7386 7387
6685 7937 7936 7661 7662
6925 8212 8211 7936 7937
7165 8487 8486 8211 8212
204 471 469 470 472
444 786 785 469 471
684 1061 1060 785 786
924 1336 1335 1060 1061
1164 1611 1610 1335 1336
1404 1886 1885 1610 1611
1644 2161 2160 1885 1886
1884 2436 2435 2160 2161
2124 2711 2710 2435 2436
2364 2986 2985 2710 2711
2604 3261 3260 2985 2986
2844 3536 3535 3260 3261
3084 3811 3810 3535 3536
3324 4086 4085 3810 3811
3564 4361 4360 4085 4086
3804 4636 4635 4360 4361
4044 4911 4910 4635 4636
4284 5186 5185 4910 4911
4524 5461 5460 5185 5186
4764 5736 5735 5460 5461
5004 6011 6010 5735 5736
5244 6286 6285 6010 6011
5484 6561 6560 6285 6286
5724 6836 6835 6560 6561
5964 7111 7110 6835 6836
6204 7386 7385 7110 7111
6444 7661 7660 7385 7386
6684 7936 7935 7660 7661
6924 8211 8210 7935 7936
7164 8486 8485 8210 8211
203 469 467 468 470
443 785 784 467 469
683 1060 1059 784 785
923 1335 1334 1059 1060
1163 1610 1609 1334 1335
1403 1885 1884 1609 1610
1643 2160 2159 1884 1885
1883 2435 2434 2159 2160
2123 2710 2709 2434 2435
2363 2985 2984 2709 2710
2603 3260 3259 2984 2985
2843 3535 3534 3259 3260
3083 3810 3809 3534 3535
3323 4085 4084 3809 3810
3563 4360 4359 4084 4085
3803 4635 4634 4359 4360
4043 4910 4909 4634 4635
4283 5185 5184 4909 4910
4523 5460 5459 5184 5185
4763 5735 5734 5459 5460
5003 6010 6009 5734 5735
5243 6285 6284 6009 6010
5483 6560 6559 6284 6285
5723 6835 6834 6559 6560
5963 7110 7109 6834 6835
6203 7385 7384 7109 7110
6443 7660 7659 7384 7385
6683 7935 7934 7659 7660
6923 8210 8209 7934 7935
7163 8485 8484 8209 8210
202 467 465 466 468
442 784 783 465 467
682 1059 1058 783 784
922 1334 1333 1058 1059
1162 1609 1608 1333 1334
1402 1884 1883 1608 1609
1642 2159 2158 1883 1884
1882 2434 2433 2158 2159
2122 2709 2708 2433 2434
2362 2984 2983 2708 2709
2602 3259 3258 2983 2984
2842 3534 3533 3258 3259
3082 3809 3808 3533 3534
3322 4084 4083 3808 3809
3562 4359 4358 4083 4084
3802 4634 4633 4358 4359
4042 4909 4908 4633 4634
4282 5184 5183 4908 4909
4522 5459 5458 5183 5184
4762 5734 5733 5458 5459
5002 6009 6008 5733 5734
5242 6284 6283 6008 6009
5482 6559 6558 6283 6284
5722 6834 6833 6558 6559
5962 7109 7108 6833 6834
6202 7384 7383 7108 7109
6442 7659 7658 7383 7384
6682 7934 7933 7658 7659
6922 8209 8208 7933 7934
7162 8484 8483 8208 8209
201 465 463 464 466
441 783 782 463 465
681 1058 1057 782 783
921 1333 1332 1057 1058
1161 1608 1607 1332 1333
1401 1883 1882 1607 1608
1641 2158 2157 1882 1883
1881 2433 2432 2157 2158
2121 2708 2707 2432 2433
2361 2983 2982 2707 2708
2601 3258 3257 2982 2983
2841 3533 3532 3257 3258
3081 3808 3807 3532 3533
3321 4083 4082 3807 3808
3561 4358 4357 4082 4083
3801 4633 4632 4357 4358
4041 4908 4907 4632 4633
4281 5183 5182 4907 4908
4521 5458 5457 5182 5183
4761 5733 5732 5457 5458
5001 6008 6007 5732 5733
5241 6283 6282 6007 6008
5481 6558 6557 6282 6283
5721 6833 6832 6557 6558
5961 7108 7107 6832 6833
6201 7383 7382 7107 7108
6441 7658 7657 7382 7383
6681 7933 7932 7657 7658
6921 8208 8207 7932 7933
7161 8483 8482 8207 8208
200 463 461 462 464
440 782 781 461 463
680 1057 1056 781 782
920 1332 1331 1056 1057
1160 1607 1606 1331 1332
1400 1882 1881 1606 1607
1640 2157 2156 1881 1882
1880 2432 2431 2156 2157
2120 2707 2706 2431 2432
2360 2982 2981 2706 2707
2600 3257 3256 2981 2982
2840 3532 3531 3256 3257
3080 3807 3806 3531 3532
3320 4082 4081 3806 3807
3560 4357 4356 4081 4082
3800 4632 4631 4356 4357
4040 4907 4906 4631 4632
4280 5182 5181 4906 4907
4520 5457 5456 5181 5182
4760 5732 5731 5456 5457
5000 6007 6006 5731 5732
5240 6282 6281 6006 6007
5480 6557 6556 6281 6282
5720 6832 6831 6556 6557
5960 7107 7106 6831 6832
6200 7382 7381 7106 7107
6440 7657 7656 7381 7382
6680 7932 7931 7656 7657
6920 8207 8206 7931 7932
7160 8482 8481 8206 8207
199 461 459 460 462
439 781 780 459 461
679 1056 1055 780 781
919 1331 1330 1055 1056
1159 1606 1605 1330 1331
1399 1881 1880 1605 1606
1639 2156 2155 1880 1881
1879 2431 2430 2155 2156
2119 2706 2705 2430 2431
2359 2981 2980 2705 2706
2599 3256 3255 2980 2981
2839 3531 3530 3255 3256
3079 3806 3805 3530 3531
3319 4081 4080 3805 3806
3559 4356 4355 4080 4081
3799 4631 4630 4355 4356
4039 4906 4905 4630 4631
4279 5181 5180 4905 4906
4519 5456 5455 5180 5181
4759 5731 5730 5455 5456
4999 6006 6005 5730 5731
5239 6281 6280 6005 6006
5479 6556 6555 6280 6281
5719 6831 6830 6555 6556
5959 7106 7105 6830 6831
6199 7381 7380 7105 7106
6439 7656 7655 7380 7381
6679 7931 7930 7655 7656
6919 8206 8205 7930 7931
7159 8481 8480 8205 8206
198 459 457 458 460
438 780 779 457 459
678 1055 1054 779 780
918 1330 1329 1054 1055
1158 1605 1604 1329 1330
1398 1880 1879 1604 1605
1638 2155 2154 1879 1880
1878 2430 2429 2154 2155
2118 2705 2704 2429 2430
2358 2980 2979 2704 2705
2598 3255 3254 2979 2980
2838 3530 3529 3254 3255
3078 3805 3804 3529 3530
3318 4080 4079 3804 3805
3558 4355 4354 4079 4080
3798 4630 4629 4354 4355
4038 4905 4904 4629 4630
4278 5180 5179 4904 4905
4518 5455 5454 5179 5180
4758 5730 5729 5454 5455
4998 6005 6004 5729 5730
5238 6280 6279 6004 6005
5478 6555 6554 6279 6280
5718 6830 6829 6554 6555
5958 7105 7104 6829 6830
6198 7380 7379 7104 7105
6438 7655 7654 7379 7380
6678 7930 7929 7654 7655
6918 8205 8204 7929 7930
7158 8480 8479 8204 8205
197 457 455 456 458
437 779 778 455 457
677 1054 1053 778 779
917 1329 1328 1053 1054
1157 1604 1603 1328 1329
1397 1879 1878 1603 1604
1637 2154 2153 1878 1879
1877 2429 2428 2153 2154
2117 2704 2703 2428 2429
2357 2979 2978 2703 2704
2597 3254 3253 2978 2979
2837 3529 3528 3253 3254
3077 3804 3803 3528 3529
3317 4079 4078 3803 3804
3557 4354 4353 4078 4079
3797 4629 4628 4353 4354
4037 4904 4903 4628 4629
4277 5179 5178 4903 4904
4517 5454 5453 5178 5179
4757 5729 5728 5453 5454
4997 6004 6003 5728 5729
5237 6279 6278 6003 6004
5477 6554 6553 6278 6279
5717 6829 6828 6553 6554
5957 7104 7103 6828 6829
6197 7379 7378 7103 7104
6437 7654 7653 7378 7379
6677 7929 7928 7653 7654
6917 8204 8203 7928 7929
7157 8479 8478 8203 8204
196 455 451 453 456
436 778 776 451 455
676 1053 1051 776 778
916 1328 1326 1051 1053
1156 1603 1601 1326 1328
1396 1878 1876 1601 1603
1636 2153 2151 1876 1878
1876 2428 2426 2151 2153
2116 2703 2701 2426 2428
2356 2978 2976 2701 2703
2596 3253 3251 2976 2978
2836 3528 3526 3251 3253
3076 3803 3801 3526 3528
3316 4078 4076 3801 3803
3556 4353 4351 4076 4078
3796 4628 4626 4351 4353
4036 4903 4901 4626 4628
4276 5178 5176 4901 4903
4516 5453 5451 5176 5178
4756 5728 5726 5451 5453
4996 6003 6001 5726 5728
5236 6278 6276 6001 6003
5476 6553 6551 6276 6278
5716 6828 6826 6551 6553
5956 7103 7101 6826 6828
6196 7378 7376 7101 7103
6436 7653 7651 7376 7378
6676 7928 7926 7651 7653
6916 8203 8201 7926 7928
7156 8478 8476 8201 8203
195 451 452 454 453
435 776 777 452 451
675 1051 1052 777 776
915 1326 1327 1052 1051
1155 1601 1602 1327 1326
1395 1876 1877 1602 1601
1635 2151 2152 1877 1876
1875 2426 2427 2152 2151
2115 2701 2702 2427 2426
2355 2976 2977 2702 2701
2595 3251 3252 2977 2976
2835 3526 3527 3252 3251
3075 3801 3802 3527 3526
3315 4076 4077 3802 3801
3555 4351 4352 4077 4076
3795 4626 4627 4352 4351
4035 4901 4902 4627 4626
4275 5176 5177 4902 4901
4515 5451 5452 5177 5176
4755 5726 5727 5452 5451
4995 6001 6002 5727 5726
5235 6276 6277 6002 6001
5475 6551 6552 6277 6276
5715 6826 6827 6552 6551
5955 7101 7102 6827 6826
6195 7376 7377 7102 7101
6435 7651 7652 7377 7376
6675 7926 7927 7652 7651
6915 8201 8202 7927 7926
7155 8476 8477 8202 8201
