599
7559 8503 8228 9103 9163
7558 8228 7953 9101 9103
7557 7953 7678 9099 9101
7556 7678 7403 9097 9099
7555 7403 7128 9095 9097
7554 7128 6853 9093 9095
7553 6853 6578 9091 9093
7552 6578 6303 9089 9091
7551 6303 6028 9087 9089
7550 6028 5753 9085 9087
7549 5753 5478 9083 9085
7548 5478 5203 9081 9083
7547 5203 4928 9079 9081
7546 4928 4653 9077 9079
7545 4653 4378 9075 9077
7544 4378 4103 9073 9075
7543 4103 3828 9071 9073
7542 3828 3553 9069 9071
7541 3553 3278 9067 9069
7540 3278 3003 9065 9067
7539 3003 2728 9063 9065
7538 2728 2453 9061 9063
7537 2453 2178 9059 9061
7536 2178 1903 9057 9059
7535 1903 1628 9055 9057
7534 1628 1353 9053 9055
7533 1353 1078 9051 9053
7532 1078 803 9048 9051
7531 803 504 9049 9048
7530 504 506 9269 9049
7529 9269 9267 9045 9049
7528 9267 9265 9043 9045
7527 9265 9263 9041 9043
7526 9263 9261 9039 9041
7525 9261 9259 9037 9039
7524 9259 9257 9035 9037
7523 9257 9255 9033 9035
7522 9255 9253 9031 9033
7521 9253 9251 9029 9031
7520 9251 9249 9027 9029
7519 9249 9247 9023 9027
7518 9247 9245 9024 9023
7517 9245 9242 9159 9024
7516 9242 9243 9239 9159
7515 9239 9237 9157 9159
7514 9237 9235 9155 9157
7513 9235 9233 9153 9155
7512 9233 9231 9151 9153
7511 9231 9229 9149 9151
7510 9229 9227 9147 9149
7509 9227 9225 9145 9147
7508 9225 9223 9143 9145
7507 9223 9221 9141 9143
7506 9221 9219 9139 9141
7505 9219 9217 9137 9139
7504 9217 9215 9135 9137
7503 9215 9213 9133 9135
7502 9213 9211 9131 9133
7501 9211 9209 9129 9131
7500 9209 9207 9127 9129
7499 9207 9205 9125 9127
7498 9205 9203 9123 9125
7497 9203 9201 9121 9123
7496 9201 9199 9119 9121
7495 9199 9197 9117 9119
7494 9197 9195 9115 9117
7493 9195 9193 9113 9115
7492 9193 9191 9111 9113
7491 9191 9189 9109 9111
7490 9189 9187 9106 9109
7489 9187 9184 9107 9106
7488 9184 9185 9181 9107
7487 9181 9179 9019 9107
7486 9179 9177 9017 9019
7485 9177 9175 9015 9017
7484 9175 9173 9013 9015
7483 9173 9171 9011 9013
7482 9171 9169 9009 9011
7481 9169 9167 9004 9009
7480 9167 9165 9005 9004
7479 9165 9162 9007 9005
7478 9162 9163 9103 9007
7477 9159 9157 9025 9024
7476 9157 9155 9001 9025
7475 9155 9153 8999 9001
7474 9153 9151 8997 8999
7473 9151 9149 8995 8997
7472 9149 9147 8993 8995
7471 9147 9145 8991 8993
7470 9145 9143 8989 8991
7469 9143 9141 8987 8989
7468 9141 9139 8985 8987
7467 9139 9137 8983 8985
7466 9137 9135 8981 8983
7465 9135 9133 8979 8981
7464 9133 9131 8977 8979
7463 9131 9129 8975 8977
7462 9129 9127 8973 8975
7461 9127 9125 8971 8973
7460 9125 9123 8969 8971
7459 9123 9121 8967 8969
7458 9121 9119 8965 8967
7457 9119 9117 8963 8965
7456 9117 9115 8961 8963
7455 9115 9113 8959 8961
7454 9113 9111 8957 8959
7453 9111 9109 8955 8957
7452 9109 9106 8953 8955
7451 9106 9107 9019 8953
7450 9103 9101 8559 9007
7449 9101 9099 8556 8559
7448 9099 9097 8557 8556
7447 9097 9095 8940 8557
7446 9095 9093 8937 8940
7445 9093 9091 8935 8937
7444 9091 9089 8933 8935
7443 9089 9087 8931 8933
7442 9087 9085 8929 8931
7441 9085 9083 8927 8929
7440 9083 9081 8925 8927
7439 9081 9079 8923 8925
7438 9079 9077 8921 8923
7437 9077 9075 8919 8921
7436 9075 9073 8917 8919
7435 9073 9071 8915 8917
7434 9071 9069 8913 8915
7433 9069 9067 8911 8913
7432 9067 9065 8909 8911
7431 9065 9063 8907 8909
7430 9063 9061 8905 8907
7429 9061 9059 8903 8905
7428 9059 9057 8901 8903
7427 9057 9055 8899 8901
7426 9055 9053 8897 8899
7425 9053 9051 8894 8897
7424 9051 9048 8895 8894
7423 9048 9049 9045 8895
7422 9045 9043 8891 8895
7421 9043 9041 8889 8891
7420 9041 9039 8887 8889
7419 9039 9037 8885 8887
7418 9037 9035 8883 8885
7417 9035 9033 8881 8883
7416 9033 9031 8879 8881
7415 9031 9029 8876 8879
7414 9029 9027 8877 8876
7413 9027 9023 9001 8877
7412 9023 9024 9025 9001
7411 9019 9017 8951 8953
7410 9017 9015 8949 8951
7409 9015 9013 8947 8949
7408 9013 9011 8945 8947
7407 9011 9009 8943 8945
7406 9009 9004 8552 8943
7405 9007 8559 8553 9005
7404 9004 9005 8553 8552
7403 9001 8999 8873 8877
7402 8999 8997 8871 8873
7401 8997 8995 8869 8871
7400 8995 8993 8867 8869
7399 8993 8991 8865 8867
7398 8991 8989 8863 8865
7397 8989 8987 8861 8863
7396 8987 8985 8859 8861
7395 8985 8983 8857 8859
7394 8983 8981 8855 8857
7393 8981 8979 8853 8855
7392 8979 8977 8851 8853
7391 8977 8975 8849 8851
7390 8975 8973 8847 8849
7389 8973 8971 8845 8847
7388 8971 8969 8843 8845
7387 8969 8967 8841 8843
7386 8967 8965 8839 8841
7385 8965 8963 8837 8839
7384 8963 8961 8835 8837
7383 8961 8959 8833 8835
7382 8959 8957 8831 8833
7381 8957 8955 8829 8831
7380 8955 8953 8827 8829
7379 8953 8951 8825 8827
7378 8951 8949 8823 8825
7377 8949 8947 8545 8823
7376 8947 8945 8542 8545
7375 8945 8943 8941 8542
7374 8943 8552 8551 8941
7373 8557 8940 8941 8551
7372 8940 8937 8542 8941
7371 8937 8935 8543 8542
7370 8935 8933 8821 8543
7369 8933 8931 8819 8821
7368 8931 8929 8817 8819
7367 8929 8927 8815 8817
7366 8927 8925 8813 8815
7365 8925 8923 8811 8813
7364 8923 8921 8809 8811
7363 8921 8919 8807 8809
7362 8919 8917 8805 8807
7361 8917 8915 8803 8805
7360 8915 8913 8801 8803
7359 8913 8911 8799 8801
7358 8911 8909 8797 8799
7357 8909 8907 8795 8797
7356 8907 8905 8793 8795
7355 8905 8903 8791 8793
7354 8903 8901 8789 8791
7353 8901 8899 8787 8789
7352 8899 8897 8784 8787
7351 8897 8894 8785 8784
7350 8894 8895 8891 8785
7349 8891 8889 8781 8785
7348 8889 8887 8779 8781
7347 8887 8885 8777 8779
7346 8885 8883 8775 8777
7345 8883 8881 8773 8775
7344 8881 8879 8770 8773
7343 8879 8876 8771 8770
7342 8876 8877 8873 8771
7341 8873 8871 8766 8771
7340 8871 8869 8763 8766
7339 8869 8867 8761 8763
7338 8867 8865 8759 8761
7337 8865 8863 8757 8759
7336 8863 8861 8755 8757
7335 8861 8859 8753 8755
7334 8859 8857 8751 8753
7333 8857 8855 8749 8751
7332 8855 8853 8747 8749
7331 8853 8851 8745 8747
7330 8851 8849 8743 8745
7329 8849 8847 8741 8743
7328 8847 8845 8739 8741
7327 8845 8843 8737 8739
7326 8843 8841 8735 8737
7325 8841 8839 8733 8735
7324 8839 8837 8731 8733
7323 8837 8835 8730 8731
7322 8835 8833 8727 8730
7321 8833 8831 8725 8727
7320 8831 8829 8723 8725
7319 8829 8827 8721 8723
7318 8827 8825 8719 8721
7317 8825 8823 8717 8719
7316 8823 8545 8544 8717
7315 8543 8821 8715 8544
7314 8821 8819 8713 8715
7313 8819 8817 8711 8713
7312 8817 8815 8709 8711
7311 8815 8813 8707 8709
7310 8813 8811 8705 8707
7309 8811 8809 8703 8705
7308 8809 8807 8701 8703
7307 8807 8805 8699 8701
7306 8805 8803 8697 8699
7305 8803 8801 8695 8697
7304 8801 8799 8693 8695
7303 8799 8797 8691 8693
7302 8797 8795 8689 8691
7301 8795 8793 8687 8689
7300 8793 8791 8685 8687
7299 8791 8789 8683 8685
7298 8789 8787 8680 8683
7297 8787 8784 8681 8680
7296 8784 8785 8781 8681
7295 8781 8779 8677 8681
7294 8779 8777 8675 8677
7293 8777 8775 8672 8675
7292 8775 8773 8673 8672
7291 8773 8770 8767 8673
7290 8770 8771 8766 8767
7289 8766 8763 8673 8767
7288 8763 8761 8669 8673
7287 8761 8759 8666 8669
7286 8759 8757 8667 8666
7285 8757 8755 8663 8667
7284 8755 8753 8661 8663
7283 8753 8751 8659 8661
7282 8751 8749 8657 8659
7281 8749 8747 8655 8657
7280 8747 8745 8531 8655
7279 8745 8743 8532 8531
7278 8743 8741 8653 8532
7277 8741 8739 8651 8653
7276 8739 8737 8649 8651
7275 8737 8735 8647 8649
7274 8735 8733 8645 8647
7273 8733 8731 8643 8645
7272 8730 8727 8643 8731
7271 8727 8725 8641 8643
7270 8725 8723 8639 8641
7269 8723 8721 8638 8639
7268 8721 8719 8634 8638
7267 8719 8717 8635 8634
7266 8717 8544 8715 8635
7265 8715 8713 8630 8635
7264 8713 8711 8626 8630
7263 8711 8709 8622 8626
7262 8709 8707 8618 8622
7261 8707 8705 8614 8618
7260 8705 8703 8611 8614
7259 8703 8701 8609 8611
7258 8701 8699 8607 8609
7257 8699 8697 8605 8607
7256 8697 8695 8603 8605
7255 8695 8693 8601 8603
7254 8693 8691 8599 8601
7253 8691 8689 8596 8599
7252 8689 8687 8592 8596
7251 8687 8685 8588 8592
7250 8685 8683 8584 8588
7249 8683 8680 8585 8584
7248 8680 8681 8677 8585
7247 8677 8675 8578 8585
7246 8675 8672 8579 8578
7245 8672 8673 8669 8579
7244 8669 8666 8580 8579
7243 8666 8667 8663 8580
7242 8663 8661 8581 8580
7241 8661 8659 8589 8581
7240 8659 8657 8593 8589
7239 8657 8655 8597 8593
7238 8655 8531 8537 8597
7237 8532 8653 8569 8533
7236 8653 8651 8573 8569
7235 8651 8649 8572 8573
7234 8649 8647 8615 8572
7233 8647 8645 8619 8615
7232 8645 8643 8623 8619
7231 8643 8641 8627 8623
7230 8641 8639 8631 8627
7229 8638 8634 8631 8639
7228 8634 8635 8630 8631
7227 8630 8626 8627 8631
7226 8626 8622 8623 8627
7225 8622 8618 8619 8623
7224 8618 8614 8615 8619
7223 8614 8611 8572 8615
7222 8611 8609 8568 8572
7221 8609 8607 8565 8568
7220 8607 8605 8563 8565
7219 8605 8603 8562 8563
7218 8603 8601 8536 8562
7217 8601 8599 8537 8536
7216 8599 8596 8597 8537
7215 8596 8592 8593 8597
7214 8592 8588 8589 8593
7213 8588 8584 8581 8589
7212 8584 8585 8578 8581
7211 8578 8579 8580 8581
7210 8572 8568 8569 8573
7209 8568 8565 8533 8569
7208 8565 8563 8530 8533
7207 8562 8536 8530 8563
7206 8559 8556 8550 8553
7205 8556 8557 8551 8550
7204 8550 8551 8552 8553
7203 8542 8543 8544 8545
7202 8530 8536 8537 8531
7201 8530 8531 8532 8533
6961 8251 8254 8253 8252
6962 8251 8252 8256 8255
6963 8257 8258 8251 8255
6964 8259 8260 8258 8257
6965 8254 8251 8258 8260
6966 8261 8264 8263 8262
6967 8265 8266 8252 8253
6968 8267 8268 8266 8265
6969 8269 8270 8262 8263
6970 8271 8267 8270 8269
6971 8272 8268 8267 8271
6972 8273 8266 8268 8272
6973 8274 8252 8266 8273
6974 8275 8256 8252 8274
6975 8276 8256 8275 8277
6976 8278 8255 8256 8276
6977 8279 8257 8255 8278
6978 8280 8259 8257 8279
6979 8281 8264 8261 8282
6980 8283 8263 8264 8281
6981 8284 8269 8263 8283
6982 8285 8271 8269 8284
6983 8286 8272 8271 8285
6984 8287 8273 8272 8286
6985 8288 8274 8273 8287
6986 8289 8275 8274 8288
6987 8290 8277 8275 8289
6988 8291 8259 8280 8292
6989 8293 8260 8259 8291
6990 8294 8254 8260 8293
6991 8295 8253 8254 8294
6992 8296 8265 8253 8295
6993 8297 8267 8265 8296
6994 8298 8270 8267 8297
6995 8299 8262 8270 8298
6996 8300 8261 8262 8299
6997 8301 8282 8261 8300
6998 8302 8303 8282 8301
6999 8304 8305 8303 8302
7000 8306 8307 8305 8304
7001 8308 8307 8306 8309
7002 8310 8307 8308 8311
7003 8312 8305 8307 8310
7004 8313 8303 8305 8312
7005 8314 8282 8303 8313
7006 8315 8281 8282 8314
7007 8316 8283 8281 8315
7008 8317 8284 8283 8316
7009 8318 8285 8284 8317
7010 8319 8286 8285 8318
7011 8320 8287 8286 8319
7012 8321 8288 8287 8320
7013 8322 8289 8288 8321
7014 8323 8290 8289 8322
7015 8324 8290 8323 8325
7016 8326 8277 8290 8324
7017 8327 8276 8277 8326
7018 8328 8278 8276 8327
7019 8329 8279 8278 8328
7020 8330 8280 8279 8329
7021 8331 8292 8280 8330
7022 8332 8292 8331 8333
7023 8334 8291 8292 8332
7024 8335 8293 8291 8334
7025 8336 8294 8293 8335
7026 8337 8295 8294 8336
7027 8338 8296 8295 8337
7028 8339 8297 8296 8338
7029 8340 8298 8297 8339
7030 8341 8299 8298 8340
7031 8342 8300 8299 8341
7032 8343 8301 8300 8342
7033 8344 8302 8301 8343
7034 8345 8304 8302 8344
7035 8346 8306 8304 8345
7036 8347 8309 8306 8346
7037 8348 8310 8311 8349
7038 8350 8312 8310 8348
7039 8351 8313 8312 8350
7040 8352 8314 8313 8351
7041 8353 8315 8314 8352
7042 8354 8316 8315 8353
7043 8355 8317 8316 8354
7044 8356 8318 8317 8355
7045 8357 8319 8318 8356
7046 8358 8320 8319 8357
7047 8359 8321 8320 8358
7048 8360 8322 8321 8359
7049 8361 8323 8322 8360
7050 8362 8325 8323 8361
7051 8363 8325 8362 8364
7052 8365 8324 8325 8363
7053 8366 8326 8324 8365
7054 8367 8327 8326 8366
7055 8368 8328 8327 8367
7056 8369 8329 8328 8368
7057 8370 8330 8329 8369
7058 8371 8331 8330 8370
7059 8372 8333 8331 8371
7060 8373 8374 8333 8372
7061 8375 8309 8347 8376
7062 8377 8308 8309 8375
7063 8378 8311 8308 8377
7064 8379 8349 8311 8378
7065 8380 8374 8373 8381
7066 8382 8333 8374 8380
7067 8383 8332 8333 8382
7068 8384 8334 8332 8383
7069 8385 8335 8334 8384
7070 8386 8336 8335 8385
7071 8387 8337 8336 8386
7072 8388 8338 8337 8387
7073 8389 8339 8338 8388
7074 8390 8340 8339 8389
7075 8391 8341 8340 8390
7076 8392 8342 8341 8391
7077 8393 8343 8342 8392
7078 8394 8344 8343 8393
7079 8395 8345 8344 8394
7080 8396 8346 8345 8395
7081 8397 8347 8346 8396
7082 8398 8376 8347 8397
7083 8399 8349 8379 8400
7084 8401 8348 8349 8399
7085 8402 8350 8348 8401
7086 8403 8351 8350 8402
7087 8404 8352 8351 8403
7088 8405 8353 8352 8404
7089 8406 8354 8353 8405
7090 8407 8355 8354 8406
7091 8408 8356 8355 8407
7092 8409 8357 8356 8408
7093 8410 8358 8357 8409
7094 8411 8359 8358 8410
7095 8412 8360 8359 8411
7096 8413 8361 8360 8412
7097 8414 8362 8361 8413
7098 8415 8364 8362 8414
7099 8416 8364 8415 8417
7100 8418 8363 8364 8416
7101 8419 8365 8363 8418
7102 8420 8366 8365 8419
7103 8421 8367 8366 8420
7104 8422 8368 8367 8421
7105 8423 8369 8368 8422
7106 8424 8370 8369 8423
7107 8425 8371 8370 8424
7108 8426 8372 8371 8425
7109 8427 8373 8372 8426
7110 8428 8381 8373 8427
7111 8429 8381 8428 8430
7112 8431 8380 8381 8429
7113 8432 8382 8380 8431
7114 8433 8383 8382 8432
7115 8434 8384 8383 8433
7116 8435 8385 8384 8434
7117 8436 8386 8385 8435
7118 8437 8387 8386 8436
7119 8438 8388 8387 8437
7120 8439 8389 8388 8438
7121 8440 8390 8389 8439
7122 8441 8391 8390 8440
7123 8442 8392 8391 8441
7124 8443 8393 8392 8442
7125 8444 8394 8393 8443
7126 8445 8395 8394 8444
7127 8446 8396 8395 8445
7128 8447 8397 8396 8446
7129 8448 8398 8397 8447
7130 8449 8398 8448 8450
7131 8451 8376 8398 8449
7132 8452 8375 8376 8451
7133 8453 8377 8375 8452
7134 8454 8378 8377 8453
7135 8455 8379 8378 8454
7136 8456 8400 8379 8455
7137 8457 8400 8456 8458
7138 8459 8399 8400 8457
7139 8460 8401 8399 8459
7140 8461 8402 8401 8460
7141 8462 8403 8402 8461
7142 8463 8404 8403 8462
7143 8464 8405 8404 8463
7144 8465 8406 8405 8464
7145 8466 8407 8406 8465
7146 8467 8408 8407 8466
7147 8468 8409 8408 8467
7148 8469 8410 8409 8468
7149 8470 8411 8410 8469
7150 8471 8412 8411 8470
7151 8472 8413 8412 8471
7152 8473 8414 8413 8472
7153 8474 8415 8414 8473
7154 8475 8417 8415 8474
7155 8476 8417 8475 8477
7156 8478 8416 8417 8476
7157 8479 8418 8416 8478
7158 8480 8419 8418 8479
7159 8481 8420 8419 8480
7160 8482 8421 8420 8481
7161 8483 8422 8421 8482
7162 8484 8423 8422 8483
7163 8485 8424 8423 8484
7164 8486 8425 8424 8485
7165 8487 8426 8425 8486
7166 8488 8427 8426 8487
7167 8489 8428 8427 8488
7168 8490 8430 8428 8489
7169 8491 8492 8430 8490
7170 8493 8449 8450 8494
7171 8495 8451 8449 8493
7172 8496 8452 8451 8495
7173 8497 8453 8452 8496
7174 8498 8454 8453 8497
7175 8499 8455 8454 8498
7176 8500 8456 8455 8499
7177 8501 8458 8456 8500
7178 8502 8492 8491 8503
7179 8504 8430 8492 8502
7180 8505 8429 8430 8504
7181 8506 8431 8429 8505
7182 8507 8432 8431 8506
7183 8508 8433 8432 8507
7184 8509 8434 8433 8508
7185 8510 8435 8434 8509
7186 8511 8436 8435 8510
7187 8512 8437 8436 8511
7188 8513 8438 8437 8512
7189 8514 8439 8438 8513
7190 8515 8440 8439 8514
7191 8516 8441 8440 8515
7192 8517 8442 8441 8516
7193 8518 8443 8442 8517
7194 8519 8444 8443 8518
7195 8520 8445 8444 8519
7196 8521 8446 8445 8520
7197 8522 8447 8446 8521
7198 8523 8448 8447 8522
7199 8524 8450 8448 8523
7200 8525 8494 8450 8524
